gameId,teamAbbrev,firstName,lastName,period,startTime,endTime,shiftNumber,eventDescription,eventDetails,typeCode,teamId,hexValue,detailCode,playerId,teamName,id,teamAbbrev,eventNumber,duration
2012020192,CAR,Joe,Corvo,1,00:00,00:50,1,,,517,12,#CE1126,0,8466215,Carolina Hurricanes,2216965,CAR,,00:50
2012020192,CAR,Joe,Corvo,1,02:59,03:27,2,,,517,12,#CE1126,0,8466215,Carolina Hurricanes,2216966,CAR,,00:28
2012020192,CAR,Joe,Corvo,1,05:16,06:37,3,,,517,12,#CE1126,0,8466215,Carolina Hurricanes,2216967,CAR,,01:21
2012020192,CAR,Joe,Corvo,1,08:30,09:25,4,,,517,12,#CE1126,0,8466215,Carolina Hurricanes,2216968,CAR,,00:55
2012020192,CAR,Joe,Corvo,1,10:08,10:27,5,,,517,12,#CE1126,0,8466215,Carolina Hurricanes,2216969,CAR,,00:19
2012020192,CAR,Joe,Corvo,1,11:23,11:59,6,,,517,12,#CE1126,0,8466215,Carolina Hurricanes,2216970,CAR,,00:36
2012020192,CAR,Joe,Corvo,1,13:47,15:02,7,,,517,12,#CE1126,0,8466215,Carolina Hurricanes,2216971,CAR,,01:15
2012020192,CAR,Joe,Corvo,1,16:59,17:57,8,,,517,12,#CE1126,0,8466215,Carolina Hurricanes,2216972,CAR,,00:58
2012020192,CAR,Joe,Corvo,1,18:39,18:59,9,,,517,12,#CE1126,0,8466215,Carolina Hurricanes,2216973,CAR,,00:20
2012020192,CAR,Joe,Corvo,1,19:52,20:00,10,,,517,12,#CE1126,0,8466215,Carolina Hurricanes,2216974,CAR,,00:08
2012020192,CAR,Joe,Corvo,2,06:06,06:06,0,EVG,Eric Staal,505,12,#CE1126,802,8466215,Carolina Hurricanes,5257894,CAR,242,
2012020192,CAR,Joe,Corvo,2,00:00,00:43,11,,,517,12,#CE1126,0,8466215,Carolina Hurricanes,2216975,CAR,,00:43
2012020192,CAR,Joe,Corvo,2,02:54,03:40,12,,,517,12,#CE1126,0,8466215,Carolina Hurricanes,2216976,CAR,,00:46
2012020192,CAR,Joe,Corvo,2,04:29,04:48,13,,,517,12,#CE1126,0,8466215,Carolina Hurricanes,2216977,CAR,,00:19
2012020192,CAR,Joe,Corvo,2,05:13,06:06,14,,,517,12,#CE1126,0,8466215,Carolina Hurricanes,2216978,CAR,,00:53
2012020192,CAR,Joe,Corvo,2,07:31,07:51,15,,,517,12,#CE1126,0,8466215,Carolina Hurricanes,2216979,CAR,,00:20
2012020192,CAR,Joe,Corvo,2,10:08,11:13,16,,,517,12,#CE1126,0,8466215,Carolina Hurricanes,2216980,CAR,,01:05
2012020192,CAR,Joe,Corvo,2,12:31,12:58,17,,,517,12,#CE1126,0,8466215,Carolina Hurricanes,2216981,CAR,,00:27
2012020192,CAR,Joe,Corvo,2,14:16,15:09,18,,,517,12,#CE1126,0,8466215,Carolina Hurricanes,2216982,CAR,,00:53
2012020192,CAR,Joe,Corvo,2,16:57,18:01,19,,,517,12,#CE1126,0,8466215,Carolina Hurricanes,2216983,CAR,,01:04
2012020192,CAR,Joe,Corvo,2,18:51,19:03,20,,,517,12,#CE1126,0,8466215,Carolina Hurricanes,2216984,CAR,,00:12
2012020192,CAR,Joe,Corvo,3,00:58,02:23,21,,,517,12,#CE1126,0,8466215,Carolina Hurricanes,2216985,CAR,,01:25
2012020192,CAR,Joe,Corvo,3,03:32,04:33,22,,,517,12,#CE1126,0,8466215,Carolina Hurricanes,2216986,CAR,,01:01
2012020192,CAR,Joe,Corvo,3,06:26,07:13,23,,,517,12,#CE1126,0,8466215,Carolina Hurricanes,2216987,CAR,,00:47
2012020192,CAR,Joe,Corvo,3,08:31,09:20,24,,,517,12,#CE1126,0,8466215,Carolina Hurricanes,2216988,CAR,,00:49
2012020192,CAR,Joe,Corvo,3,11:12,11:56,25,,,517,12,#CE1126,0,8466215,Carolina Hurricanes,2216989,CAR,,00:44
2012020192,CAR,Joe,Corvo,3,14:00,14:24,26,,,517,12,#CE1126,0,8466215,Carolina Hurricanes,2216990,CAR,,00:24
2012020192,CAR,Joe,Corvo,3,16:10,16:21,27,,,517,12,#CE1126,0,8466215,Carolina Hurricanes,2216991,CAR,,00:11
2012020192,CAR,Joe,Corvo,3,18:18,19:35,28,,,517,12,#CE1126,0,8466215,Carolina Hurricanes,2216992,CAR,,01:17
2012020192,CAR,Dan,Ellis,1,00:00,20:00,1,,,517,12,#CE1126,0,8468540,Carolina Hurricanes,2216993,CAR,,20:00
2012020192,CAR,Dan,Ellis,2,00:00,20:00,2,,,517,12,#CE1126,0,8468540,Carolina Hurricanes,2216994,CAR,,20:00
2012020192,CAR,Dan,Ellis,3,00:00,20:00,3,,,517,12,#CE1126,0,8468540,Carolina Hurricanes,2216995,CAR,,20:00
2012020192,TOR,John-Michael,Liles,1,01:10,01:51,1,,,517,10,#002868,0,8468639,Toronto Maple Leafs,2216996,TOR,,00:41
2012020192,TOR,John-Michael,Liles,1,03:27,04:26,2,,,517,10,#002868,0,8468639,Toronto Maple Leafs,2216997,TOR,,00:59
2012020192,TOR,John-Michael,Liles,1,05:22,05:39,3,,,517,10,#002868,0,8468639,Toronto Maple Leafs,2216998,TOR,,00:17
2012020192,TOR,John-Michael,Liles,1,06:37,07:08,4,,,517,10,#002868,0,8468639,Toronto Maple Leafs,2216999,TOR,,00:31
2012020192,TOR,John-Michael,Liles,1,07:08,07:43,5,,,517,10,#002868,0,8468639,Toronto Maple Leafs,2217000,TOR,,00:35
2012020192,TOR,John-Michael,Liles,1,09:51,11:23,6,,,517,10,#002868,0,8468639,Toronto Maple Leafs,2217001,TOR,,01:32
2012020192,TOR,John-Michael,Liles,1,12:34,13:03,7,,,517,10,#002868,0,8468639,Toronto Maple Leafs,2217002,TOR,,00:29
2012020192,TOR,John-Michael,Liles,1,13:39,14:14,8,,,517,10,#002868,0,8468639,Toronto Maple Leafs,2217003,TOR,,00:35
2012020192,TOR,John-Michael,Liles,1,15:24,16:27,9,,,517,10,#002868,0,8468639,Toronto Maple Leafs,2217004,TOR,,01:03
2012020192,TOR,John-Michael,Liles,1,18:39,19:27,10,,,517,10,#002868,0,8468639,Toronto Maple Leafs,2217005,TOR,,00:48
2012020192,TOR,John-Michael,Liles,2,00:43,01:08,11,,,517,10,#002868,0,8468639,Toronto Maple Leafs,2217006,TOR,,00:25
2012020192,TOR,John-Michael,Liles,2,01:56,03:00,12,,,517,10,#002868,0,8468639,Toronto Maple Leafs,2217007,TOR,,01:04
2012020192,TOR,John-Michael,Liles,2,04:12,04:45,13,,,517,10,#002868,0,8468639,Toronto Maple Leafs,2217008,TOR,,00:33
2012020192,TOR,John-Michael,Liles,2,06:06,06:28,14,,,517,10,#002868,0,8468639,Toronto Maple Leafs,2217009,TOR,,00:22
2012020192,TOR,John-Michael,Liles,2,07:42,09:45,15,,,517,10,#002868,0,8468639,Toronto Maple Leafs,2217010,TOR,,02:03
2012020192,TOR,John-Michael,Liles,2,10:47,11:42,16,,,517,10,#002868,0,8468639,Toronto Maple Leafs,2217011,TOR,,00:55
2012020192,TOR,John-Michael,Liles,2,12:58,13:40,17,,,517,10,#002868,0,8468639,Toronto Maple Leafs,2217012,TOR,,00:42
2012020192,TOR,John-Michael,Liles,2,14:37,15:09,18,,,517,10,#002868,0,8468639,Toronto Maple Leafs,2217013,TOR,,00:32
2012020192,TOR,John-Michael,Liles,2,17:13,18:13,19,,,517,10,#002868,0,8468639,Toronto Maple Leafs,2217014,TOR,,01:00
2012020192,TOR,John-Michael,Liles,3,02:02,02:53,20,,,517,10,#002868,0,8468639,Toronto Maple Leafs,2217015,TOR,,00:51
2012020192,TOR,John-Michael,Liles,3,05:26,06:09,21,,,517,10,#002868,0,8468639,Toronto Maple Leafs,2217016,TOR,,00:43
2012020192,TOR,John-Michael,Liles,3,08:28,09:07,22,,,517,10,#002868,0,8468639,Toronto Maple Leafs,2217017,TOR,,00:39
2012020192,TOR,John-Michael,Liles,3,11:19,11:56,23,,,517,10,#002868,0,8468639,Toronto Maple Leafs,2217018,TOR,,00:37
2012020192,TOR,John-Michael,Liles,3,12:25,13:04,24,,,517,10,#002868,0,8468639,Toronto Maple Leafs,2217019,TOR,,00:39
2012020192,TOR,John-Michael,Liles,3,13:42,14:26,25,,,517,10,#002868,0,8468639,Toronto Maple Leafs,2217020,TOR,,00:44
2012020192,TOR,John-Michael,Liles,3,16:10,16:54,26,,,517,10,#002868,0,8468639,Toronto Maple Leafs,2217021,TOR,,00:44
2012020192,TOR,Colton,Orr,1,02:04,02:05,1,,,517,10,#002868,0,8468778,Toronto Maple Leafs,2217022,TOR,,00:01
2012020192,TOR,Colton,Orr,1,12:34,13:27,2,,,517,10,#002868,0,8468778,Toronto Maple Leafs,2217023,TOR,,00:53
2012020192,TOR,Colton,Orr,2,02:02,02:51,3,,,517,10,#002868,0,8468778,Toronto Maple Leafs,2217024,TOR,,00:49
2012020192,TOR,Colton,Orr,2,06:06,06:28,4,,,517,10,#002868,0,8468778,Toronto Maple Leafs,2217025,TOR,,00:22
2012020192,TOR,Colton,Orr,2,10:06,10:36,5,,,517,10,#002868,0,8468778,Toronto Maple Leafs,2217026,TOR,,00:30
2012020192,TOR,Colton,Orr,2,13:40,14:16,6,,,517,10,#002868,0,8468778,Toronto Maple Leafs,2217027,TOR,,00:36
2012020192,TOR,Colton,Orr,2,14:16,14:37,7,,,517,10,#002868,0,8468778,Toronto Maple Leafs,2217028,TOR,,00:21
2012020192,TOR,Colton,Orr,2,16:54,17:56,8,,,517,10,#002868,0,8468778,Toronto Maple Leafs,2217029,TOR,,01:02
2012020192,TOR,Colton,Orr,3,05:26,06:09,9,,,517,10,#002868,0,8468778,Toronto Maple Leafs,2217030,TOR,,00:43
2012020192,TOR,Colton,Orr,3,09:27,10:17,10,,,517,10,#002868,0,8468778,Toronto Maple Leafs,2217031,TOR,,00:50
2012020192,TOR,Colton,Orr,3,12:25,12:31,11,,,517,10,#002868,0,8468778,Toronto Maple Leafs,2217032,TOR,,00:06
2012020192,TOR,David,Steckel,1,02:04,02:47,1,,,517,10,#002868,0,8469483,Toronto Maple Leafs,2217033,TOR,,00:43
2012020192,TOR,David,Steckel,1,05:22,06:07,2,,,517,10,#002868,0,8469483,Toronto Maple Leafs,2217034,TOR,,00:45
2012020192,TOR,David,Steckel,1,12:34,13:27,3,,,517,10,#002868,0,8469483,Toronto Maple Leafs,2217035,TOR,,00:53
2012020192,TOR,David,Steckel,2,02:13,03:00,4,,,517,10,#002868,0,8469483,Toronto Maple Leafs,2217036,TOR,,00:47
2012020192,TOR,David,Steckel,2,06:06,06:28,5,,,517,10,#002868,0,8469483,Toronto Maple Leafs,2217037,TOR,,00:22
2012020192,TOR,David,Steckel,2,09:45,10:36,6,,,517,10,#002868,0,8469483,Toronto Maple Leafs,2217038,TOR,,00:51
2012020192,TOR,David,Steckel,2,13:40,14:16,7,,,517,10,#002868,0,8469483,Toronto Maple Leafs,2217039,TOR,,00:36
2012020192,TOR,David,Steckel,2,14:16,14:37,8,,,517,10,#002868,0,8469483,Toronto Maple Leafs,2217040,TOR,,00:21
2012020192,TOR,David,Steckel,2,16:54,18:13,9,,,517,10,#002868,0,8469483,Toronto Maple Leafs,2217041,TOR,,01:19
2012020192,TOR,David,Steckel,3,01:21,02:02,10,,,517,10,#002868,0,8469483,Toronto Maple Leafs,2217042,TOR,,00:41
2012020192,TOR,David,Steckel,3,05:11,06:09,11,,,517,10,#002868,0,8469483,Toronto Maple Leafs,2217043,TOR,,00:58
2012020192,TOR,David,Steckel,3,09:20,10:01,12,,,517,10,#002868,0,8469483,Toronto Maple Leafs,2217044,TOR,,00:41
2012020192,TOR,David,Steckel,3,12:25,12:31,13,,,517,10,#002868,0,8469483,Toronto Maple Leafs,2217045,TOR,,00:06
2012020192,TOR,Jay,McClement,1,01:24,02:04,1,,,517,10,#002868,0,8469508,Toronto Maple Leafs,2217046,TOR,,00:40
2012020192,TOR,Jay,McClement,1,04:32,05:22,2,,,517,10,#002868,0,8469508,Toronto Maple Leafs,2217047,TOR,,00:50
2012020192,TOR,Jay,McClement,1,07:43,08:44,3,,,517,10,#002868,0,8469508,Toronto Maple Leafs,2217048,TOR,,01:01
2012020192,TOR,Jay,McClement,1,13:27,14:14,4,,,517,10,#002868,0,8469508,Toronto Maple Leafs,2217049,TOR,,00:47
2012020192,TOR,Jay,McClement,1,16:38,18:06,5,,,517,10,#002868,0,8469508,Toronto Maple Leafs,2217050,TOR,,01:28
2012020192,TOR,Jay,McClement,2,01:08,01:16,6,,,517,10,#002868,0,8469508,Toronto Maple Leafs,2217051,TOR,,00:08
2012020192,TOR,Jay,McClement,2,03:56,04:41,7,,,517,10,#002868,0,8469508,Toronto Maple Leafs,2217052,TOR,,00:45
2012020192,TOR,Jay,McClement,2,07:51,08:52,8,,,517,10,#002868,0,8469508,Toronto Maple Leafs,2217053,TOR,,01:01
2012020192,TOR,Jay,McClement,2,12:21,12:31,9,,,517,10,#002868,0,8469508,Toronto Maple Leafs,2217054,TOR,,00:10
2012020192,TOR,Jay,McClement,2,14:37,15:09,10,,,517,10,#002868,0,8469508,Toronto Maple Leafs,2217055,TOR,,00:32
2012020192,TOR,Jay,McClement,2,15:51,16:54,11,,,517,10,#002868,0,8469508,Toronto Maple Leafs,2217056,TOR,,01:03
2012020192,TOR,Jay,McClement,2,19:03,19:43,12,,,517,10,#002868,0,8469508,Toronto Maple Leafs,2217057,TOR,,00:40
2012020192,TOR,Jay,McClement,3,00:00,00:58,13,,,517,10,#002868,0,8469508,Toronto Maple Leafs,2217058,TOR,,00:58
2012020192,TOR,Jay,McClement,3,03:54,05:11,14,,,517,10,#002868,0,8469508,Toronto Maple Leafs,2217059,TOR,,01:17
2012020192,TOR,Jay,McClement,3,08:12,09:20,15,,,517,10,#002868,0,8469508,Toronto Maple Leafs,2217060,TOR,,01:08
2012020192,TOR,Jay,McClement,3,11:56,12:25,16,,,517,10,#002868,0,8469508,Toronto Maple Leafs,2217061,TOR,,00:29
2012020192,TOR,Jay,McClement,3,14:45,15:16,17,,,517,10,#002868,0,8469508,Toronto Maple Leafs,2217062,TOR,,00:31
2012020192,CAR,Jay,Harrison,1,00:50,01:24,1,,,517,12,#CE1126,0,8469531,Carolina Hurricanes,2217063,CAR,,00:34
2012020192,CAR,Jay,Harrison,1,02:04,02:59,2,,,517,12,#CE1126,0,8469531,Carolina Hurricanes,2217064,CAR,,00:55
2012020192,CAR,Jay,Harrison,1,03:27,04:14,3,,,517,12,#CE1126,0,8469531,Carolina Hurricanes,2217065,CAR,,00:47
2012020192,CAR,Jay,Harrison,1,06:37,07:08,4,,,517,12,#CE1126,0,8469531,Carolina Hurricanes,2217066,CAR,,00:31
2012020192,CAR,Jay,Harrison,1,07:08,08:00,5,,,517,12,#CE1126,0,8469531,Carolina Hurricanes,2217067,CAR,,00:52
2012020192,CAR,Jay,Harrison,1,09:25,10:08,6,,,517,12,#CE1126,0,8469531,Carolina Hurricanes,2217068,CAR,,00:43
2012020192,CAR,Jay,Harrison,1,10:27,11:23,7,,,517,12,#CE1126,0,8469531,Carolina Hurricanes,2217069,CAR,,00:56
2012020192,CAR,Jay,Harrison,1,11:59,12:33,8,,,517,12,#CE1126,0,8469531,Carolina Hurricanes,2217070,CAR,,00:34
2012020192,CAR,Jay,Harrison,1,15:02,16:08,9,,,517,12,#CE1126,0,8469531,Carolina Hurricanes,2217071,CAR,,01:06
2012020192,CAR,Jay,Harrison,1,17:57,18:39,10,,,517,12,#CE1126,0,8469531,Carolina Hurricanes,2217072,CAR,,00:42
2012020192,CAR,Jay,Harrison,1,18:59,19:52,11,,,517,12,#CE1126,0,8469531,Carolina Hurricanes,2217073,CAR,,00:53
2012020192,CAR,Jay,Harrison,2,00:43,01:08,12,,,517,12,#CE1126,0,8469531,Carolina Hurricanes,2217074,CAR,,00:25
2012020192,CAR,Jay,Harrison,2,01:50,02:54,13,,,517,12,#CE1126,0,8469531,Carolina Hurricanes,2217075,CAR,,01:04
2012020192,CAR,Jay,Harrison,2,03:40,04:29,14,,,517,12,#CE1126,0,8469531,Carolina Hurricanes,2217076,CAR,,00:49
2012020192,CAR,Jay,Harrison,2,04:48,05:13,15,,,517,12,#CE1126,0,8469531,Carolina Hurricanes,2217077,CAR,,00:25
2012020192,CAR,Jay,Harrison,2,06:28,07:31,16,,,517,12,#CE1126,0,8469531,Carolina Hurricanes,2217078,CAR,,01:03
2012020192,CAR,Jay,Harrison,2,09:00,10:08,17,,,517,12,#CE1126,0,8469531,Carolina Hurricanes,2217079,CAR,,01:08
2012020192,CAR,Jay,Harrison,2,11:13,12:21,18,,,517,12,#CE1126,0,8469531,Carolina Hurricanes,2217080,CAR,,01:08
2012020192,CAR,Jay,Harrison,2,12:58,13:40,19,,,517,12,#CE1126,0,8469531,Carolina Hurricanes,2217081,CAR,,00:42
2012020192,CAR,Jay,Harrison,2,15:09,15:59,20,,,517,12,#CE1126,0,8469531,Carolina Hurricanes,2217082,CAR,,00:50
2012020192,CAR,Jay,Harrison,2,18:01,18:51,21,,,517,12,#CE1126,0,8469531,Carolina Hurricanes,2217083,CAR,,00:50
2012020192,CAR,Jay,Harrison,3,02:23,03:32,22,,,517,12,#CE1126,0,8469531,Carolina Hurricanes,2217084,CAR,,01:09
2012020192,CAR,Jay,Harrison,3,05:30,06:26,23,,,517,12,#CE1126,0,8469531,Carolina Hurricanes,2217085,CAR,,00:56
2012020192,CAR,Jay,Harrison,3,07:13,08:14,24,,,517,12,#CE1126,0,8469531,Carolina Hurricanes,2217086,CAR,,01:01
2012020192,CAR,Jay,Harrison,3,10:23,10:25,25,,,517,12,#CE1126,0,8469531,Carolina Hurricanes,2217087,CAR,,00:02
2012020192,CAR,Jay,Harrison,3,10:55,11:12,26,,,517,12,#CE1126,0,8469531,Carolina Hurricanes,2217088,CAR,,00:17
2012020192,CAR,Jay,Harrison,3,12:35,14:00,27,,,517,12,#CE1126,0,8469531,Carolina Hurricanes,2217089,CAR,,01:25
2012020192,CAR,Jay,Harrison,3,14:53,16:10,28,,,517,12,#CE1126,0,8469531,Carolina Hurricanes,2217090,CAR,,01:17
2012020192,CAR,Jay,Harrison,3,16:21,17:22,29,,,517,12,#CE1126,0,8469531,Carolina Hurricanes,2217091,CAR,,01:01
2012020192,CAR,Jay,Harrison,3,17:22,18:18,30,,,517,12,#CE1126,0,8469531,Carolina Hurricanes,2217092,CAR,,00:56
2012020192,CAR,Jay,Harrison,3,19:35,20:00,31,,,517,12,#CE1126,0,8469531,Carolina Hurricanes,2217093,CAR,,00:25
2012020192,CAR,Jussi,Jokinen,1,01:24,02:04,1,,,517,12,#CE1126,0,8469638,Carolina Hurricanes,2217094,CAR,,00:40
2012020192,CAR,Jussi,Jokinen,1,04:28,05:16,2,,,517,12,#CE1126,0,8469638,Carolina Hurricanes,2217095,CAR,,00:48
2012020192,CAR,Jussi,Jokinen,1,07:08,07:46,3,,,517,12,#CE1126,0,8469638,Carolina Hurricanes,2217096,CAR,,00:38
2012020192,CAR,Jussi,Jokinen,1,10:29,11:23,4,,,517,12,#CE1126,0,8469638,Carolina Hurricanes,2217097,CAR,,00:54
2012020192,CAR,Jussi,Jokinen,1,12:54,13:53,5,,,517,12,#CE1126,0,8469638,Carolina Hurricanes,2217098,CAR,,00:59
2012020192,CAR,Jussi,Jokinen,1,15:02,15:16,6,,,517,12,#CE1126,0,8469638,Carolina Hurricanes,2217099,CAR,,00:14
2012020192,CAR,Jussi,Jokinen,1,15:27,16:08,7,,,517,12,#CE1126,0,8469638,Carolina Hurricanes,2217100,CAR,,00:41
2012020192,CAR,Jussi,Jokinen,1,18:39,19:34,8,,,517,12,#CE1126,0,8469638,Carolina Hurricanes,2217101,CAR,,00:55
2012020192,CAR,Jussi,Jokinen,2,12:58,12:58,0,PPG,"Jeff Skinner, Joe Corvo",505,12,#CE1126,803,8469638,Carolina Hurricanes,5257896,CAR,413,
2012020192,CAR,Jussi,Jokinen,2,01:08,02:05,9,,,517,12,#CE1126,0,8469638,Carolina Hurricanes,2217102,CAR,,00:57
2012020192,CAR,Jussi,Jokinen,2,04:45,05:13,10,,,517,12,#CE1126,0,8469638,Carolina Hurricanes,2217103,CAR,,00:28
2012020192,CAR,Jussi,Jokinen,2,07:31,07:51,11,,,517,12,#CE1126,0,8469638,Carolina Hurricanes,2217104,CAR,,00:20
2012020192,CAR,Jussi,Jokinen,2,09:26,10:08,12,,,517,12,#CE1126,0,8469638,Carolina Hurricanes,2217105,CAR,,00:42
2012020192,CAR,Jussi,Jokinen,2,12:21,12:58,13,,,517,12,#CE1126,0,8469638,Carolina Hurricanes,2217106,CAR,,00:37
2012020192,CAR,Jussi,Jokinen,2,15:09,15:43,14,,,517,12,#CE1126,0,8469638,Carolina Hurricanes,2217107,CAR,,00:34
2012020192,CAR,Jussi,Jokinen,2,18:51,19:03,15,,,517,12,#CE1126,0,8469638,Carolina Hurricanes,2217108,CAR,,00:12
2012020192,CAR,Jussi,Jokinen,3,00:58,02:17,16,,,517,12,#CE1126,0,8469638,Carolina Hurricanes,2217109,CAR,,01:19
2012020192,CAR,Jussi,Jokinen,3,04:33,04:49,17,,,517,12,#CE1126,0,8469638,Carolina Hurricanes,2217110,CAR,,00:16
2012020192,CAR,Jussi,Jokinen,3,07:13,08:14,18,,,517,12,#CE1126,0,8469638,Carolina Hurricanes,2217111,CAR,,01:01
2012020192,CAR,Jussi,Jokinen,3,11:56,12:25,19,,,517,12,#CE1126,0,8469638,Carolina Hurricanes,2217112,CAR,,00:29
2012020192,CAR,Jussi,Jokinen,3,14:26,14:53,20,,,517,12,#CE1126,0,8469638,Carolina Hurricanes,2217113,CAR,,00:27
2012020192,CAR,Jussi,Jokinen,3,17:15,18:18,21,,,517,12,#CE1126,0,8469638,Carolina Hurricanes,2217114,CAR,,01:03
2012020192,CAR,Alexander,Semin,1,00:00,00:50,1,,,517,12,#CE1126,0,8470120,Carolina Hurricanes,2217115,CAR,,00:50
2012020192,CAR,Alexander,Semin,1,02:46,03:27,2,,,517,12,#CE1126,0,8470120,Carolina Hurricanes,2217116,CAR,,00:41
2012020192,CAR,Alexander,Semin,1,05:53,06:37,3,,,517,12,#CE1126,0,8470120,Carolina Hurricanes,2217117,CAR,,00:44
2012020192,CAR,Alexander,Semin,1,08:30,09:39,4,,,517,12,#CE1126,0,8470120,Carolina Hurricanes,2217118,CAR,,01:09
2012020192,CAR,Alexander,Semin,1,10:17,10:27,5,,,517,12,#CE1126,0,8470120,Carolina Hurricanes,2217119,CAR,,00:10
2012020192,CAR,Alexander,Semin,1,12:27,12:54,6,,,517,12,#CE1126,0,8470120,Carolina Hurricanes,2217120,CAR,,00:27
2012020192,CAR,Alexander,Semin,1,14:14,15:02,7,,,517,12,#CE1126,0,8470120,Carolina Hurricanes,2217121,CAR,,00:48
2012020192,CAR,Alexander,Semin,1,16:59,18:08,8,,,517,12,#CE1126,0,8470120,Carolina Hurricanes,2217122,CAR,,01:09
2012020192,CAR,Alexander,Semin,1,19:27,20:00,9,,,517,12,#CE1126,0,8470120,Carolina Hurricanes,2217123,CAR,,00:33
2012020192,CAR,Alexander,Semin,2,00:00,00:43,10,,,517,12,#CE1126,0,8470120,Carolina Hurricanes,2217124,CAR,,00:43
2012020192,CAR,Alexander,Semin,2,02:54,04:11,11,,,517,12,#CE1126,0,8470120,Carolina Hurricanes,2217125,CAR,,01:17
2012020192,CAR,Alexander,Semin,2,05:13,06:06,12,,,517,12,#CE1126,0,8470120,Carolina Hurricanes,2217126,CAR,,00:53
2012020192,CAR,Alexander,Semin,2,07:51,09:26,13,,,517,12,#CE1126,0,8470120,Carolina Hurricanes,2217127,CAR,,01:35
2012020192,CAR,Alexander,Semin,2,11:27,12:21,14,,,517,12,#CE1126,0,8470120,Carolina Hurricanes,2217128,CAR,,00:54
2012020192,CAR,Alexander,Semin,2,12:58,13:40,15,,,517,12,#CE1126,0,8470120,Carolina Hurricanes,2217129,CAR,,00:42
2012020192,CAR,Alexander,Semin,2,15:59,16:57,16,,,517,12,#CE1126,0,8470120,Carolina Hurricanes,2217130,CAR,,00:58
2012020192,CAR,Alexander,Semin,2,19:03,20:00,17,,,517,12,#CE1126,0,8470120,Carolina Hurricanes,2217131,CAR,,00:57
2012020192,CAR,Alexander,Semin,3,00:00,00:58,18,,,517,12,#CE1126,0,8470120,Carolina Hurricanes,2217132,CAR,,00:58
2012020192,CAR,Alexander,Semin,3,02:59,04:04,19,,,517,12,#CE1126,0,8470120,Carolina Hurricanes,2217133,CAR,,01:05
2012020192,CAR,Alexander,Semin,3,06:34,07:13,20,,,517,12,#CE1126,0,8470120,Carolina Hurricanes,2217134,CAR,,00:39
2012020192,CAR,Alexander,Semin,3,10:17,11:18,21,,,517,12,#CE1126,0,8470120,Carolina Hurricanes,2217135,CAR,,01:01
2012020192,CAR,Alexander,Semin,3,12:47,13:42,22,,,517,12,#CE1126,0,8470120,Carolina Hurricanes,2217136,CAR,,00:55
2012020192,CAR,Alexander,Semin,3,14:24,14:26,23,,,517,12,#CE1126,0,8470120,Carolina Hurricanes,2217137,CAR,,00:02
2012020192,CAR,Alexander,Semin,3,15:16,16:10,24,,,517,12,#CE1126,0,8470120,Carolina Hurricanes,2217138,CAR,,00:54
2012020192,CAR,Alexander,Semin,3,18:18,19:35,25,,,517,12,#CE1126,0,8470120,Carolina Hurricanes,2217139,CAR,,01:17
2012020192,CAR,Tim,Brent,1,02:04,02:46,1,,,517,12,#CE1126,0,8470283,Carolina Hurricanes,2217140,CAR,,00:42
2012020192,CAR,Tim,Brent,1,05:16,05:53,2,,,517,12,#CE1126,0,8470283,Carolina Hurricanes,2217141,CAR,,00:37
2012020192,CAR,Tim,Brent,1,07:46,08:30,3,,,517,12,#CE1126,0,8470283,Carolina Hurricanes,2217142,CAR,,00:44
2012020192,CAR,Tim,Brent,1,15:27,15:39,4,,,517,12,#CE1126,0,8470283,Carolina Hurricanes,2217143,CAR,,00:12
2012020192,CAR,Tim,Brent,1,16:08,16:59,5,,,517,12,#CE1126,0,8470283,Carolina Hurricanes,2217144,CAR,,00:51
2012020192,CAR,Tim,Brent,1,18:47,18:53,6,,,517,12,#CE1126,0,8470283,Carolina Hurricanes,2217145,CAR,,00:06
2012020192,CAR,Tim,Brent,2,02:05,02:49,7,,,517,12,#CE1126,0,8470283,Carolina Hurricanes,2217146,CAR,,00:44
2012020192,CAR,Tim,Brent,2,06:06,06:28,8,,,517,12,#CE1126,0,8470283,Carolina Hurricanes,2217147,CAR,,00:22
2012020192,CAR,Tim,Brent,2,12:01,12:21,9,,,517,12,#CE1126,0,8470283,Carolina Hurricanes,2217148,CAR,,00:20
2012020192,CAR,Tim,Brent,2,13:40,14:16,10,,,517,12,#CE1126,0,8470283,Carolina Hurricanes,2217149,CAR,,00:36
2012020192,CAR,Tim,Brent,2,16:57,17:41,11,,,517,12,#CE1126,0,8470283,Carolina Hurricanes,2217150,CAR,,00:44
2012020192,CAR,Tim,Brent,2,19:03,20:00,12,,,517,12,#CE1126,0,8470283,Carolina Hurricanes,2217151,CAR,,00:57
2012020192,CAR,Tim,Brent,3,00:58,02:02,13,,,517,12,#CE1126,0,8470283,Carolina Hurricanes,2217152,CAR,,01:04
2012020192,CAR,Tim,Brent,3,04:49,05:30,14,,,517,12,#CE1126,0,8470283,Carolina Hurricanes,2217153,CAR,,00:41
2012020192,CAR,Tim,Brent,3,09:20,10:17,15,,,517,12,#CE1126,0,8470283,Carolina Hurricanes,2217154,CAR,,00:57
2012020192,CAR,Tim,Brent,3,12:25,12:47,16,,,517,12,#CE1126,0,8470283,Carolina Hurricanes,2217155,CAR,,00:22
2012020192,CAR,Tim,Brent,3,14:53,15:16,17,,,517,12,#CE1126,0,8470283,Carolina Hurricanes,2217156,CAR,,00:23
2012020192,CAR,Patrick,Dwyer,1,00:50,01:24,1,,,517,12,#CE1126,0,8470302,Carolina Hurricanes,2217157,CAR,,00:34
2012020192,CAR,Patrick,Dwyer,1,03:27,04:33,2,,,517,12,#CE1126,0,8470302,Carolina Hurricanes,2217158,CAR,,01:06
2012020192,CAR,Patrick,Dwyer,1,05:16,05:53,3,,,517,12,#CE1126,0,8470302,Carolina Hurricanes,2217159,CAR,,00:37
2012020192,CAR,Patrick,Dwyer,1,06:37,07:08,4,,,517,12,#CE1126,0,8470302,Carolina Hurricanes,2217160,CAR,,00:31
2012020192,CAR,Patrick,Dwyer,1,09:25,10:17,5,,,517,12,#CE1126,0,8470302,Carolina Hurricanes,2217161,CAR,,00:52
2012020192,CAR,Patrick,Dwyer,1,10:27,11:23,6,,,517,12,#CE1126,0,8470302,Carolina Hurricanes,2217162,CAR,,00:56
2012020192,CAR,Patrick,Dwyer,1,13:29,14:14,7,,,517,12,#CE1126,0,8470302,Carolina Hurricanes,2217163,CAR,,00:45
2012020192,CAR,Patrick,Dwyer,1,15:16,15:27,8,,,517,12,#CE1126,0,8470302,Carolina Hurricanes,2217164,CAR,,00:11
2012020192,CAR,Patrick,Dwyer,1,18:23,18:39,9,,,517,12,#CE1126,0,8470302,Carolina Hurricanes,2217165,CAR,,00:16
2012020192,CAR,Patrick,Dwyer,2,00:43,01:08,10,,,517,12,#CE1126,0,8470302,Carolina Hurricanes,2217166,CAR,,00:25
2012020192,CAR,Patrick,Dwyer,2,04:11,04:45,11,,,517,12,#CE1126,0,8470302,Carolina Hurricanes,2217167,CAR,,00:34
2012020192,CAR,Patrick,Dwyer,2,06:28,07:31,12,,,517,12,#CE1126,0,8470302,Carolina Hurricanes,2217168,CAR,,01:03
2012020192,CAR,Patrick,Dwyer,2,10:36,11:27,13,,,517,12,#CE1126,0,8470302,Carolina Hurricanes,2217169,CAR,,00:51
2012020192,CAR,Patrick,Dwyer,2,14:16,15:09,14,,,517,12,#CE1126,0,8470302,Carolina Hurricanes,2217170,CAR,,00:53
2012020192,CAR,Patrick,Dwyer,2,17:55,18:51,15,,,517,12,#CE1126,0,8470302,Carolina Hurricanes,2217171,CAR,,00:56
2012020192,CAR,Patrick,Dwyer,3,02:02,02:59,16,,,517,12,#CE1126,0,8470302,Carolina Hurricanes,2217172,CAR,,00:57
2012020192,CAR,Patrick,Dwyer,3,05:45,06:34,17,,,517,12,#CE1126,0,8470302,Carolina Hurricanes,2217173,CAR,,00:49
2012020192,CAR,Patrick,Dwyer,3,08:14,09:20,18,,,517,12,#CE1126,0,8470302,Carolina Hurricanes,2217174,CAR,,01:06
2012020192,CAR,Patrick,Dwyer,3,11:18,11:56,19,,,517,12,#CE1126,0,8470302,Carolina Hurricanes,2217175,CAR,,00:38
2012020192,CAR,Patrick,Dwyer,3,13:42,14:24,20,,,517,12,#CE1126,0,8470302,Carolina Hurricanes,2217176,CAR,,00:42
2012020192,CAR,Patrick,Dwyer,3,16:10,17:15,21,,,517,12,#CE1126,0,8470302,Carolina Hurricanes,2217177,CAR,,01:05
2012020192,CAR,Patrick,Dwyer,3,19:35,20:00,22,,,517,12,#CE1126,0,8470302,Carolina Hurricanes,2217178,CAR,,00:25
2012020192,CAR,Eric,Staal,1,00:00,00:50,1,,,517,12,#CE1126,0,8470595,Carolina Hurricanes,2217179,CAR,,00:50
2012020192,CAR,Eric,Staal,1,02:46,03:27,2,,,517,12,#CE1126,0,8470595,Carolina Hurricanes,2217180,CAR,,00:41
2012020192,CAR,Eric,Staal,1,05:53,06:37,3,,,517,12,#CE1126,0,8470595,Carolina Hurricanes,2217181,CAR,,00:44
2012020192,CAR,Eric,Staal,1,08:30,09:25,4,,,517,12,#CE1126,0,8470595,Carolina Hurricanes,2217182,CAR,,00:55
2012020192,CAR,Eric,Staal,1,10:17,10:27,5,,,517,12,#CE1126,0,8470595,Carolina Hurricanes,2217183,CAR,,00:10
2012020192,CAR,Eric,Staal,1,11:23,11:59,6,,,517,12,#CE1126,0,8470595,Carolina Hurricanes,2217184,CAR,,00:36
2012020192,CAR,Eric,Staal,1,12:33,12:54,7,,,517,12,#CE1126,0,8470595,Carolina Hurricanes,2217185,CAR,,00:21
2012020192,CAR,Eric,Staal,1,14:14,15:02,8,,,517,12,#CE1126,0,8470595,Carolina Hurricanes,2217186,CAR,,00:48
2012020192,CAR,Eric,Staal,1,16:59,18:08,9,,,517,12,#CE1126,0,8470595,Carolina Hurricanes,2217187,CAR,,01:09
2012020192,CAR,Eric,Staal,1,19:34,20:00,10,,,517,12,#CE1126,0,8470595,Carolina Hurricanes,2217188,CAR,,00:26
2012020192,CAR,Eric,Staal,2,00:00,00:43,11,,,517,12,#CE1126,0,8470595,Carolina Hurricanes,2217189,CAR,,00:43
2012020192,CAR,Eric,Staal,2,02:49,04:08,12,,,517,12,#CE1126,0,8470595,Carolina Hurricanes,2217190,CAR,,01:19
2012020192,CAR,Eric,Staal,2,05:13,06:06,13,,,517,12,#CE1126,0,8470595,Carolina Hurricanes,2217191,CAR,,00:53
2012020192,CAR,Eric,Staal,2,07:51,09:26,14,,,517,12,#CE1126,0,8470595,Carolina Hurricanes,2217192,CAR,,01:35
2012020192,CAR,Eric,Staal,2,11:22,12:01,15,,,517,12,#CE1126,0,8470595,Carolina Hurricanes,2217193,CAR,,00:39
2012020192,CAR,Eric,Staal,2,12:58,13:40,16,,,517,12,#CE1126,0,8470595,Carolina Hurricanes,2217194,CAR,,00:42
2012020192,CAR,Eric,Staal,2,15:43,16:57,17,,,517,12,#CE1126,0,8470595,Carolina Hurricanes,2217195,CAR,,01:14
2012020192,CAR,Eric,Staal,2,19:03,20:00,18,,,517,12,#CE1126,0,8470595,Carolina Hurricanes,2217196,CAR,,00:57
2012020192,CAR,Eric,Staal,3,00:00,00:58,19,,,517,12,#CE1126,0,8470595,Carolina Hurricanes,2217197,CAR,,00:58
2012020192,CAR,Eric,Staal,3,03:41,04:33,20,,,517,12,#CE1126,0,8470595,Carolina Hurricanes,2217198,CAR,,00:52
2012020192,CAR,Eric,Staal,3,06:21,07:13,21,,,517,12,#CE1126,0,8470595,Carolina Hurricanes,2217199,CAR,,00:52
2012020192,CAR,Eric,Staal,3,10:17,11:12,22,,,517,12,#CE1126,0,8470595,Carolina Hurricanes,2217200,CAR,,00:55
2012020192,CAR,Eric,Staal,3,12:47,13:42,23,,,517,12,#CE1126,0,8470595,Carolina Hurricanes,2217201,CAR,,00:55
2012020192,CAR,Eric,Staal,3,14:00,14:26,24,,,517,12,#CE1126,0,8470595,Carolina Hurricanes,2217202,CAR,,00:26
2012020192,CAR,Eric,Staal,3,15:16,16:10,25,,,517,12,#CE1126,0,8470595,Carolina Hurricanes,2217203,CAR,,00:54
2012020192,CAR,Eric,Staal,3,18:18,19:35,26,,,517,12,#CE1126,0,8470595,Carolina Hurricanes,2217204,CAR,,01:17
2012020192,TOR,Dion,Phaneuf,1,00:00,00:49,1,,,517,10,#002868,0,8470602,Toronto Maple Leafs,2217205,TOR,,00:49
2012020192,TOR,Dion,Phaneuf,1,02:47,03:27,2,,,517,10,#002868,0,8470602,Toronto Maple Leafs,2217206,TOR,,00:40
2012020192,TOR,Dion,Phaneuf,1,06:07,06:37,3,,,517,10,#002868,0,8470602,Toronto Maple Leafs,2217207,TOR,,00:30
2012020192,TOR,Dion,Phaneuf,1,08:36,09:51,4,,,517,10,#002868,0,8470602,Toronto Maple Leafs,2217208,TOR,,01:15
2012020192,TOR,Dion,Phaneuf,1,11:23,12:34,5,,,517,10,#002868,0,8470602,Toronto Maple Leafs,2217209,TOR,,01:11
2012020192,TOR,Dion,Phaneuf,1,14:14,15:24,6,,,517,10,#002868,0,8470602,Toronto Maple Leafs,2217210,TOR,,01:10
2012020192,TOR,Dion,Phaneuf,1,17:52,18:39,7,,,517,10,#002868,0,8470602,Toronto Maple Leafs,2217211,TOR,,00:47
2012020192,TOR,Dion,Phaneuf,1,19:27,20:00,8,,,517,10,#002868,0,8470602,Toronto Maple Leafs,2217212,TOR,,00:33
2012020192,TOR,Dion,Phaneuf,2,00:00,00:43,9,,,517,10,#002868,0,8470602,Toronto Maple Leafs,2217213,TOR,,00:43
2012020192,TOR,Dion,Phaneuf,2,02:43,04:17,10,,,517,10,#002868,0,8470602,Toronto Maple Leafs,2217214,TOR,,01:34
2012020192,TOR,Dion,Phaneuf,2,05:13,06:06,11,,,517,10,#002868,0,8470602,Toronto Maple Leafs,2217215,TOR,,00:53
2012020192,TOR,Dion,Phaneuf,2,06:28,07:51,12,,,517,10,#002868,0,8470602,Toronto Maple Leafs,2217216,TOR,,01:23
2012020192,TOR,Dion,Phaneuf,2,10:25,10:47,13,,,517,10,#002868,0,8470602,Toronto Maple Leafs,2217217,TOR,,00:22
2012020192,TOR,Dion,Phaneuf,2,11:42,12:21,14,,,517,10,#002868,0,8470602,Toronto Maple Leafs,2217218,TOR,,00:39
2012020192,TOR,Dion,Phaneuf,2,12:31,12:58,15,,,517,10,#002868,0,8470602,Toronto Maple Leafs,2217219,TOR,,00:27
2012020192,TOR,Dion,Phaneuf,2,15:09,16:15,16,,,517,10,#002868,0,8470602,Toronto Maple Leafs,2217220,TOR,,01:06
2012020192,TOR,Dion,Phaneuf,2,18:58,20:00,17,,,517,10,#002868,0,8470602,Toronto Maple Leafs,2217221,TOR,,01:02
2012020192,TOR,Dion,Phaneuf,3,02:00,02:02,18,,,517,10,#002868,0,8470602,Toronto Maple Leafs,2217222,TOR,,00:02
2012020192,TOR,Dion,Phaneuf,3,02:53,03:54,19,,,517,10,#002868,0,8470602,Toronto Maple Leafs,2217223,TOR,,01:01
2012020192,TOR,Dion,Phaneuf,3,06:09,07:45,20,,,517,10,#002868,0,8470602,Toronto Maple Leafs,2217224,TOR,,01:36
2012020192,TOR,Dion,Phaneuf,3,09:07,09:38,21,,,517,10,#002868,0,8470602,Toronto Maple Leafs,2217225,TOR,,00:31
2012020192,TOR,Dion,Phaneuf,3,10:25,11:19,22,,,517,10,#002868,0,8470602,Toronto Maple Leafs,2217226,TOR,,00:54
2012020192,TOR,Dion,Phaneuf,3,13:04,13:42,23,,,517,10,#002868,0,8470602,Toronto Maple Leafs,2217227,TOR,,00:38
2012020192,TOR,Dion,Phaneuf,3,15:03,16:10,24,,,517,10,#002868,0,8470602,Toronto Maple Leafs,2217228,TOR,,01:07
2012020192,TOR,Dion,Phaneuf,3,16:54,20:00,25,,,517,10,#002868,0,8470602,Toronto Maple Leafs,2217229,TOR,,03:06
2012020192,TOR,Clarke,MacArthur,1,01:24,02:04,1,,,517,10,#002868,0,8470667,Toronto Maple Leafs,2217230,TOR,,00:40
2012020192,TOR,Clarke,MacArthur,1,04:26,05:22,2,,,517,10,#002868,0,8470667,Toronto Maple Leafs,2217231,TOR,,00:56
2012020192,TOR,Clarke,MacArthur,1,07:43,08:59,3,,,517,10,#002868,0,8470667,Toronto Maple Leafs,2217232,TOR,,01:16
2012020192,TOR,Clarke,MacArthur,1,10:27,11:39,4,,,517,10,#002868,0,8470667,Toronto Maple Leafs,2217233,TOR,,01:12
2012020192,TOR,Clarke,MacArthur,1,13:27,14:14,5,,,517,10,#002868,0,8470667,Toronto Maple Leafs,2217234,TOR,,00:47
2012020192,TOR,Clarke,MacArthur,1,16:38,17:52,6,,,517,10,#002868,0,8470667,Toronto Maple Leafs,2217235,TOR,,01:14
2012020192,TOR,Clarke,MacArthur,2,01:08,01:16,7,,,517,10,#002868,0,8470667,Toronto Maple Leafs,2217236,TOR,,00:08
2012020192,TOR,Clarke,MacArthur,2,03:56,04:45,8,,,517,10,#002868,0,8470667,Toronto Maple Leafs,2217237,TOR,,00:49
2012020192,TOR,Clarke,MacArthur,2,07:30,09:30,9,,,517,10,#002868,0,8470667,Toronto Maple Leafs,2217238,TOR,,02:00
2012020192,TOR,Clarke,MacArthur,2,12:21,12:31,10,,,517,10,#002868,0,8470667,Toronto Maple Leafs,2217239,TOR,,00:10
2012020192,TOR,Clarke,MacArthur,2,14:37,15:09,11,,,517,10,#002868,0,8470667,Toronto Maple Leafs,2217240,TOR,,00:32
2012020192,TOR,Clarke,MacArthur,2,15:42,16:54,12,,,517,10,#002868,0,8470667,Toronto Maple Leafs,2217241,TOR,,01:12
2012020192,TOR,Clarke,MacArthur,3,02:02,02:58,13,,,517,10,#002868,0,8470667,Toronto Maple Leafs,2217242,TOR,,00:56
2012020192,TOR,Clarke,MacArthur,3,07:13,08:12,14,,,517,10,#002868,0,8470667,Toronto Maple Leafs,2217243,TOR,,00:59
2012020192,TOR,Clarke,MacArthur,3,11:11,11:56,15,,,517,10,#002868,0,8470667,Toronto Maple Leafs,2217244,TOR,,00:45
2012020192,TOR,Clarke,MacArthur,3,13:42,14:45,16,,,517,10,#002868,0,8470667,Toronto Maple Leafs,2217245,TOR,,01:03
2012020192,TOR,Clarke,MacArthur,3,16:10,16:21,17,,,517,10,#002868,0,8470667,Toronto Maple Leafs,2217246,TOR,,00:11
2012020192,TOR,Clarke,MacArthur,3,19:35,20:00,18,,,517,10,#002868,0,8470667,Toronto Maple Leafs,2217247,TOR,,00:25
2012020192,TOR,Mikhail,Grabovski,1,00:00,00:49,1,,,517,10,#002868,0,8471362,Toronto Maple Leafs,2217248,TOR,,00:49
2012020192,TOR,Mikhail,Grabovski,1,02:47,03:27,2,,,517,10,#002868,0,8471362,Toronto Maple Leafs,2217249,TOR,,00:40
2012020192,TOR,Mikhail,Grabovski,1,06:07,06:37,3,,,517,10,#002868,0,8471362,Toronto Maple Leafs,2217250,TOR,,00:30
2012020192,TOR,Mikhail,Grabovski,1,08:55,09:51,4,,,517,10,#002868,0,8471362,Toronto Maple Leafs,2217251,TOR,,00:56
2012020192,TOR,Mikhail,Grabovski,1,10:27,11:35,5,,,517,10,#002868,0,8471362,Toronto Maple Leafs,2217252,TOR,,01:08
2012020192,TOR,Mikhail,Grabovski,1,14:14,15:27,6,,,517,10,#002868,0,8471362,Toronto Maple Leafs,2217253,TOR,,01:13
2012020192,TOR,Mikhail,Grabovski,1,17:52,18:39,7,,,517,10,#002868,0,8471362,Toronto Maple Leafs,2217254,TOR,,00:47
2012020192,TOR,Mikhail,Grabovski,1,19:32,20:00,8,,,517,10,#002868,0,8471362,Toronto Maple Leafs,2217255,TOR,,00:28
2012020192,TOR,Mikhail,Grabovski,2,00:00,00:43,9,,,517,10,#002868,0,8471362,Toronto Maple Leafs,2217256,TOR,,00:43
2012020192,TOR,Mikhail,Grabovski,2,03:00,04:10,10,,,517,10,#002868,0,8471362,Toronto Maple Leafs,2217257,TOR,,01:10
2012020192,TOR,Mikhail,Grabovski,2,05:13,06:06,11,,,517,10,#002868,0,8471362,Toronto Maple Leafs,2217258,TOR,,00:53
2012020192,TOR,Mikhail,Grabovski,2,07:30,07:51,12,,,517,10,#002868,0,8471362,Toronto Maple Leafs,2217259,TOR,,00:21
2012020192,TOR,Mikhail,Grabovski,2,10:36,11:45,13,,,517,10,#002868,0,8471362,Toronto Maple Leafs,2217260,TOR,,01:09
2012020192,TOR,Mikhail,Grabovski,3,02:02,02:58,14,,,517,10,#002868,0,8471362,Toronto Maple Leafs,2217261,TOR,,00:56
2012020192,TOR,Mikhail,Grabovski,3,07:13,08:12,15,,,517,10,#002868,0,8471362,Toronto Maple Leafs,2217262,TOR,,00:59
2012020192,TOR,Mikhail,Grabovski,3,11:11,11:56,16,,,517,10,#002868,0,8471362,Toronto Maple Leafs,2217263,TOR,,00:45
2012020192,TOR,Mikhail,Grabovski,3,13:42,14:45,17,,,517,10,#002868,0,8471362,Toronto Maple Leafs,2217264,TOR,,01:03
2012020192,TOR,Mikhail,Grabovski,3,16:10,16:21,18,,,517,10,#002868,0,8471362,Toronto Maple Leafs,2217265,TOR,,00:11
2012020192,TOR,Mikhail,Grabovski,3,16:54,18:18,19,,,517,10,#002868,0,8471362,Toronto Maple Leafs,2217266,TOR,,01:24
2012020192,TOR,Mikhail,Grabovski,3,18:55,19:35,20,,,517,10,#002868,0,8471362,Toronto Maple Leafs,2217267,TOR,,00:40
2012020192,TOR,Cody,Franson,1,01:54,02:47,1,,,517,10,#002868,0,8471742,Toronto Maple Leafs,2217268,TOR,,00:53
2012020192,TOR,Cody,Franson,1,04:33,05:15,2,,,517,10,#002868,0,8471742,Toronto Maple Leafs,2217269,TOR,,00:42
2012020192,TOR,Cody,Franson,1,07:43,08:38,3,,,517,10,#002868,0,8471742,Toronto Maple Leafs,2217270,TOR,,00:55
2012020192,TOR,Cody,Franson,1,11:26,12:31,4,,,517,10,#002868,0,8471742,Toronto Maple Leafs,2217271,TOR,,01:05
2012020192,TOR,Cody,Franson,1,13:01,13:37,5,,,517,10,#002868,0,8471742,Toronto Maple Leafs,2217272,TOR,,00:36
2012020192,TOR,Cody,Franson,1,16:14,18:06,6,,,517,10,#002868,0,8471742,Toronto Maple Leafs,2217273,TOR,,01:52
2012020192,TOR,Cody,Franson,2,01:08,01:56,7,,,517,10,#002868,0,8471742,Toronto Maple Leafs,2217274,TOR,,00:48
2012020192,TOR,Cody,Franson,2,04:45,05:13,8,,,517,10,#002868,0,8471742,Toronto Maple Leafs,2217275,TOR,,00:28
2012020192,TOR,Cody,Franson,2,06:28,07:42,9,,,517,10,#002868,0,8471742,Toronto Maple Leafs,2217276,TOR,,01:14
2012020192,TOR,Cody,Franson,2,09:45,10:28,10,,,517,10,#002868,0,8471742,Toronto Maple Leafs,2217277,TOR,,00:43
2012020192,TOR,Cody,Franson,2,12:21,12:31,11,,,517,10,#002868,0,8471742,Toronto Maple Leafs,2217278,TOR,,00:10
2012020192,TOR,Cody,Franson,2,13:40,14:16,12,,,517,10,#002868,0,8471742,Toronto Maple Leafs,2217279,TOR,,00:36
2012020192,TOR,Cody,Franson,2,14:16,14:37,13,,,517,10,#002868,0,8471742,Toronto Maple Leafs,2217280,TOR,,00:21
2012020192,TOR,Cody,Franson,2,17:13,18:13,14,,,517,10,#002868,0,8471742,Toronto Maple Leafs,2217281,TOR,,01:00
2012020192,TOR,Cody,Franson,3,01:21,02:02,15,,,517,10,#002868,0,8471742,Toronto Maple Leafs,2217282,TOR,,00:41
2012020192,TOR,Cody,Franson,3,03:54,05:26,16,,,517,10,#002868,0,8471742,Toronto Maple Leafs,2217283,TOR,,01:32
2012020192,TOR,Cody,Franson,3,07:21,08:28,17,,,517,10,#002868,0,8471742,Toronto Maple Leafs,2217284,TOR,,01:07
2012020192,TOR,Cody,Franson,3,09:56,10:25,18,,,517,10,#002868,0,8471742,Toronto Maple Leafs,2217285,TOR,,00:29
2012020192,TOR,Cody,Franson,3,11:56,12:25,19,,,517,10,#002868,0,8471742,Toronto Maple Leafs,2217286,TOR,,00:29
2012020192,TOR,Cody,Franson,3,14:26,15:03,20,,,517,10,#002868,0,8471742,Toronto Maple Leafs,2217287,TOR,,00:37
2012020192,TOR,Cody,Franson,3,16:54,17:58,21,,,517,10,#002868,0,8471742,Toronto Maple Leafs,2217288,TOR,,01:04
2012020192,TOR,Mark,Fraser,1,01:51,02:47,1,,,517,10,#002868,0,8471748,Toronto Maple Leafs,2217289,TOR,,00:56
2012020192,TOR,Mark,Fraser,1,04:26,05:22,2,,,517,10,#002868,0,8471748,Toronto Maple Leafs,2217290,TOR,,00:56
2012020192,TOR,Mark,Fraser,1,05:39,06:07,3,,,517,10,#002868,0,8471748,Toronto Maple Leafs,2217291,TOR,,00:28
2012020192,TOR,Mark,Fraser,1,07:43,08:36,4,,,517,10,#002868,0,8471748,Toronto Maple Leafs,2217292,TOR,,00:53
2012020192,TOR,Mark,Fraser,1,13:03,13:39,5,,,517,10,#002868,0,8471748,Toronto Maple Leafs,2217293,TOR,,00:36
2012020192,TOR,Mark,Fraser,1,16:27,17:52,6,,,517,10,#002868,0,8471748,Toronto Maple Leafs,2217294,TOR,,01:25
2012020192,TOR,Mark,Fraser,2,01:08,01:56,7,,,517,10,#002868,0,8471748,Toronto Maple Leafs,2217295,TOR,,00:48
2012020192,TOR,Mark,Fraser,2,04:45,05:13,8,,,517,10,#002868,0,8471748,Toronto Maple Leafs,2217296,TOR,,00:28
2012020192,TOR,Mark,Fraser,2,09:45,10:25,9,,,517,10,#002868,0,8471748,Toronto Maple Leafs,2217297,TOR,,00:40
2012020192,TOR,Mark,Fraser,2,12:21,12:31,10,,,517,10,#002868,0,8471748,Toronto Maple Leafs,2217298,TOR,,00:10
2012020192,TOR,Mark,Fraser,2,13:40,14:16,11,,,517,10,#002868,0,8471748,Toronto Maple Leafs,2217299,TOR,,00:36
2012020192,TOR,Mark,Fraser,2,14:16,14:37,12,,,517,10,#002868,0,8471748,Toronto Maple Leafs,2217300,TOR,,00:21
2012020192,TOR,Mark,Fraser,2,15:42,16:15,13,,,517,10,#002868,0,8471748,Toronto Maple Leafs,2217301,TOR,,00:33
2012020192,TOR,Mark,Fraser,2,18:13,19:03,14,,,517,10,#002868,0,8471748,Toronto Maple Leafs,2217302,TOR,,00:50
2012020192,TOR,Mark,Fraser,2,19:39,20:00,15,,,517,10,#002868,0,8471748,Toronto Maple Leafs,2217303,TOR,,00:21
2012020192,TOR,Mark,Fraser,3,00:00,01:21,16,,,517,10,#002868,0,8471748,Toronto Maple Leafs,2217304,TOR,,01:21
2012020192,TOR,Mark,Fraser,3,03:54,05:11,17,,,517,10,#002868,0,8471748,Toronto Maple Leafs,2217305,TOR,,01:17
2012020192,TOR,Mark,Fraser,3,07:45,08:28,18,,,517,10,#002868,0,8471748,Toronto Maple Leafs,2217306,TOR,,00:43
2012020192,TOR,Mark,Fraser,3,09:38,10:25,19,,,517,10,#002868,0,8471748,Toronto Maple Leafs,2217307,TOR,,00:47
2012020192,TOR,Mark,Fraser,3,11:56,12:25,20,,,517,10,#002868,0,8471748,Toronto Maple Leafs,2217308,TOR,,00:29
2012020192,TOR,Mark,Fraser,3,14:26,15:03,21,,,517,10,#002868,0,8471748,Toronto Maple Leafs,2217309,TOR,,00:37
2012020192,TOR,Leo,Komarov,1,00:00,00:49,1,,,517,10,#002868,0,8473463,Toronto Maple Leafs,2217310,TOR,,00:49
2012020192,TOR,Leo,Komarov,1,02:47,03:27,2,,,517,10,#002868,0,8473463,Toronto Maple Leafs,2217311,TOR,,00:40
2012020192,TOR,Leo,Komarov,1,06:07,06:37,3,,,517,10,#002868,0,8473463,Toronto Maple Leafs,2217312,TOR,,00:30
2012020192,TOR,Leo,Komarov,1,08:59,09:51,4,,,517,10,#002868,0,8473463,Toronto Maple Leafs,2217313,TOR,,00:52
2012020192,TOR,Leo,Komarov,1,14:14,15:27,5,,,517,10,#002868,0,8473463,Toronto Maple Leafs,2217314,TOR,,01:13
2012020192,TOR,Leo,Komarov,1,17:52,18:34,6,,,517,10,#002868,0,8473463,Toronto Maple Leafs,2217315,TOR,,00:42
2012020192,TOR,Leo,Komarov,1,19:32,20:00,7,,,517,10,#002868,0,8473463,Toronto Maple Leafs,2217316,TOR,,00:28
2012020192,TOR,Leo,Komarov,2,00:00,00:43,8,,,517,10,#002868,0,8473463,Toronto Maple Leafs,2217317,TOR,,00:43
2012020192,TOR,Leo,Komarov,2,03:00,03:56,9,,,517,10,#002868,0,8473463,Toronto Maple Leafs,2217318,TOR,,00:56
2012020192,TOR,Leo,Komarov,2,05:13,06:06,10,,,517,10,#002868,0,8473463,Toronto Maple Leafs,2217319,TOR,,00:53
2012020192,TOR,Leo,Komarov,2,10:36,11:31,11,,,517,10,#002868,0,8473463,Toronto Maple Leafs,2217320,TOR,,00:55
2012020192,TOR,Leo,Komarov,2,12:46,12:58,12,,,517,10,#002868,0,8473463,Toronto Maple Leafs,2217321,TOR,,00:12
2012020192,TOR,Leo,Komarov,2,19:43,20:00,13,,,517,10,#002868,0,8473463,Toronto Maple Leafs,2217322,TOR,,00:17
2012020192,TOR,Leo,Komarov,3,01:21,02:21,14,,,517,10,#002868,0,8473463,Toronto Maple Leafs,2217323,TOR,,01:00
2012020192,TOR,Leo,Komarov,3,04:01,05:26,15,,,517,10,#002868,0,8473463,Toronto Maple Leafs,2217324,TOR,,01:25
2012020192,TOR,Leo,Komarov,3,08:12,09:27,16,,,517,10,#002868,0,8473463,Toronto Maple Leafs,2217325,TOR,,01:15
2012020192,TOR,Leo,Komarov,3,11:56,12:25,17,,,517,10,#002868,0,8473463,Toronto Maple Leafs,2217326,TOR,,00:29
2012020192,TOR,Leo,Komarov,3,14:45,15:16,18,,,517,10,#002868,0,8473463,Toronto Maple Leafs,2217327,TOR,,00:31
2012020192,TOR,Leo,Komarov,3,19:35,20:00,19,,,517,10,#002868,0,8473463,Toronto Maple Leafs,2217328,TOR,,00:25
2012020192,CAR,Jiri,Tlusty,1,00:00,00:50,1,,,517,12,#CE1126,0,8473482,Carolina Hurricanes,2217329,CAR,,00:50
2012020192,CAR,Jiri,Tlusty,1,02:46,03:27,2,,,517,12,#CE1126,0,8473482,Carolina Hurricanes,2217330,CAR,,00:41
2012020192,CAR,Jiri,Tlusty,1,05:53,06:37,3,,,517,12,#CE1126,0,8473482,Carolina Hurricanes,2217331,CAR,,00:44
2012020192,CAR,Jiri,Tlusty,1,08:30,09:25,4,,,517,12,#CE1126,0,8473482,Carolina Hurricanes,2217332,CAR,,00:55
2012020192,CAR,Jiri,Tlusty,1,10:17,10:27,5,,,517,12,#CE1126,0,8473482,Carolina Hurricanes,2217333,CAR,,00:10
2012020192,CAR,Jiri,Tlusty,1,11:59,12:33,6,,,517,12,#CE1126,0,8473482,Carolina Hurricanes,2217334,CAR,,00:34
2012020192,CAR,Jiri,Tlusty,1,14:14,14:58,7,,,517,12,#CE1126,0,8473482,Carolina Hurricanes,2217335,CAR,,00:44
2012020192,CAR,Jiri,Tlusty,1,16:59,18:23,8,,,517,12,#CE1126,0,8473482,Carolina Hurricanes,2217336,CAR,,01:24
2012020192,CAR,Jiri,Tlusty,1,19:40,20:00,9,,,517,12,#CE1126,0,8473482,Carolina Hurricanes,2217337,CAR,,00:20
2012020192,CAR,Jiri,Tlusty,2,00:00,00:43,10,,,517,12,#CE1126,0,8473482,Carolina Hurricanes,2217338,CAR,,00:43
2012020192,CAR,Jiri,Tlusty,2,02:54,03:55,11,,,517,12,#CE1126,0,8473482,Carolina Hurricanes,2217339,CAR,,01:01
2012020192,CAR,Jiri,Tlusty,2,05:13,06:06,12,,,517,12,#CE1126,0,8473482,Carolina Hurricanes,2217340,CAR,,00:53
2012020192,CAR,Jiri,Tlusty,2,07:51,09:26,13,,,517,12,#CE1126,0,8473482,Carolina Hurricanes,2217341,CAR,,01:35
2012020192,CAR,Jiri,Tlusty,2,11:40,12:21,14,,,517,12,#CE1126,0,8473482,Carolina Hurricanes,2217342,CAR,,00:41
2012020192,CAR,Jiri,Tlusty,2,12:58,13:40,15,,,517,12,#CE1126,0,8473482,Carolina Hurricanes,2217343,CAR,,00:42
2012020192,CAR,Jiri,Tlusty,2,15:50,16:57,16,,,517,12,#CE1126,0,8473482,Carolina Hurricanes,2217344,CAR,,01:07
2012020192,CAR,Jiri,Tlusty,2,19:03,20:00,17,,,517,12,#CE1126,0,8473482,Carolina Hurricanes,2217345,CAR,,00:57
2012020192,CAR,Jiri,Tlusty,3,00:58,02:02,18,,,517,12,#CE1126,0,8473482,Carolina Hurricanes,2217346,CAR,,01:04
2012020192,CAR,Jiri,Tlusty,3,02:59,03:56,19,,,517,12,#CE1126,0,8473482,Carolina Hurricanes,2217347,CAR,,00:57
2012020192,CAR,Jiri,Tlusty,3,06:34,07:13,20,,,517,12,#CE1126,0,8473482,Carolina Hurricanes,2217348,CAR,,00:39
2012020192,CAR,Jiri,Tlusty,3,10:23,11:12,21,,,517,12,#CE1126,0,8473482,Carolina Hurricanes,2217349,CAR,,00:49
2012020192,CAR,Jiri,Tlusty,3,12:52,13:42,22,,,517,12,#CE1126,0,8473482,Carolina Hurricanes,2217350,CAR,,00:50
2012020192,CAR,Jiri,Tlusty,3,14:00,14:26,23,,,517,12,#CE1126,0,8473482,Carolina Hurricanes,2217351,CAR,,00:26
2012020192,CAR,Jiri,Tlusty,3,15:16,16:10,24,,,517,12,#CE1126,0,8473482,Carolina Hurricanes,2217352,CAR,,00:54
2012020192,CAR,Jiri,Tlusty,3,18:18,19:35,25,,,517,12,#CE1126,0,8473482,Carolina Hurricanes,2217353,CAR,,01:17
2012020192,CAR,Jordan,Staal,1,00:50,01:24,1,,,517,12,#CE1126,0,8473533,Carolina Hurricanes,2217354,CAR,,00:34
2012020192,CAR,Jordan,Staal,1,03:27,04:28,2,,,517,12,#CE1126,0,8473533,Carolina Hurricanes,2217355,CAR,,01:01
2012020192,CAR,Jordan,Staal,1,06:37,07:08,3,,,517,12,#CE1126,0,8473533,Carolina Hurricanes,2217356,CAR,,00:31
2012020192,CAR,Jordan,Staal,1,09:25,10:17,4,,,517,12,#CE1126,0,8473533,Carolina Hurricanes,2217357,CAR,,00:52
2012020192,CAR,Jordan,Staal,1,10:27,10:29,5,,,517,12,#CE1126,0,8473533,Carolina Hurricanes,2217358,CAR,,00:02
2012020192,CAR,Jordan,Staal,1,11:59,12:33,6,,,517,12,#CE1126,0,8473533,Carolina Hurricanes,2217359,CAR,,00:34
2012020192,CAR,Jordan,Staal,1,13:37,14:14,7,,,517,12,#CE1126,0,8473533,Carolina Hurricanes,2217360,CAR,,00:37
2012020192,CAR,Jordan,Staal,1,15:16,15:27,8,,,517,12,#CE1126,0,8473533,Carolina Hurricanes,2217361,CAR,,00:11
2012020192,CAR,Jordan,Staal,1,18:08,18:39,9,,,517,12,#CE1126,0,8473533,Carolina Hurricanes,2217362,CAR,,00:31
2012020192,CAR,Jordan,Staal,2,15:09,15:09,0,EVG,"Jeff Skinner, Jamie McBain",505,12,#CE1126,803,8473533,Carolina Hurricanes,5257897,CAR,420,
2012020192,CAR,Jordan,Staal,2,00:43,01:08,10,,,517,12,#CE1126,0,8473533,Carolina Hurricanes,2217363,CAR,,00:25
2012020192,CAR,Jordan,Staal,2,04:08,04:45,11,,,517,12,#CE1126,0,8473533,Carolina Hurricanes,2217364,CAR,,00:37
2012020192,CAR,Jordan,Staal,2,06:28,07:31,12,,,517,12,#CE1126,0,8473533,Carolina Hurricanes,2217365,CAR,,01:03
2012020192,CAR,Jordan,Staal,2,10:08,11:22,13,,,517,12,#CE1126,0,8473533,Carolina Hurricanes,2217366,CAR,,01:14
2012020192,CAR,Jordan,Staal,2,12:31,12:58,14,,,517,12,#CE1126,0,8473533,Carolina Hurricanes,2217367,CAR,,00:27
2012020192,CAR,Jordan,Staal,2,14:16,15:09,15,,,517,12,#CE1126,0,8473533,Carolina Hurricanes,2217368,CAR,,00:53
2012020192,CAR,Jordan,Staal,2,17:41,18:51,16,,,517,12,#CE1126,0,8473533,Carolina Hurricanes,2217369,CAR,,01:10
2012020192,CAR,Jordan,Staal,3,00:00,00:58,17,,,517,12,#CE1126,0,8473533,Carolina Hurricanes,2217370,CAR,,00:58
2012020192,CAR,Jordan,Staal,3,02:17,03:41,18,,,517,12,#CE1126,0,8473533,Carolina Hurricanes,2217371,CAR,,01:24
2012020192,CAR,Jordan,Staal,3,05:30,06:21,19,,,517,12,#CE1126,0,8473533,Carolina Hurricanes,2217372,CAR,,00:51
2012020192,CAR,Jordan,Staal,3,08:14,09:20,20,,,517,12,#CE1126,0,8473533,Carolina Hurricanes,2217373,CAR,,01:06
2012020192,CAR,Jordan,Staal,3,11:12,11:56,21,,,517,12,#CE1126,0,8473533,Carolina Hurricanes,2217374,CAR,,00:44
2012020192,CAR,Jordan,Staal,3,13:42,14:00,22,,,517,12,#CE1126,0,8473533,Carolina Hurricanes,2217375,CAR,,00:18
2012020192,CAR,Jordan,Staal,3,16:10,17:15,23,,,517,12,#CE1126,0,8473533,Carolina Hurricanes,2217376,CAR,,01:05
2012020192,CAR,Jordan,Staal,3,19:35,20:00,24,,,517,12,#CE1126,0,8473533,Carolina Hurricanes,2217377,CAR,,00:25
2012020192,TOR,Phil,Kessel,1,00:49,01:24,1,,,517,10,#002868,0,8473548,Toronto Maple Leafs,2217378,TOR,,00:35
2012020192,TOR,Phil,Kessel,1,02:05,02:47,2,,,517,10,#002868,0,8473548,Toronto Maple Leafs,2217379,TOR,,00:42
2012020192,TOR,Phil,Kessel,1,03:27,04:32,3,,,517,10,#002868,0,8473548,Toronto Maple Leafs,2217380,TOR,,01:05
2012020192,TOR,Phil,Kessel,1,06:37,07:08,4,,,517,10,#002868,0,8473548,Toronto Maple Leafs,2217381,TOR,,00:31
2012020192,TOR,Phil,Kessel,1,07:08,07:43,5,,,517,10,#002868,0,8473548,Toronto Maple Leafs,2217382,TOR,,00:35
2012020192,TOR,Phil,Kessel,1,09:51,10:27,6,,,517,10,#002868,0,8473548,Toronto Maple Leafs,2217383,TOR,,00:36
2012020192,TOR,Phil,Kessel,1,11:43,12:34,7,,,517,10,#002868,0,8473548,Toronto Maple Leafs,2217384,TOR,,00:51
2012020192,TOR,Phil,Kessel,1,15:24,16:38,8,,,517,10,#002868,0,8473548,Toronto Maple Leafs,2217385,TOR,,01:14
2012020192,TOR,Phil,Kessel,1,18:39,19:32,9,,,517,10,#002868,0,8473548,Toronto Maple Leafs,2217386,TOR,,00:53
2012020192,TOR,Phil,Kessel,2,00:43,01:08,10,,,517,10,#002868,0,8473548,Toronto Maple Leafs,2217387,TOR,,00:25
2012020192,TOR,Phil,Kessel,2,01:16,02:02,11,,,517,10,#002868,0,8473548,Toronto Maple Leafs,2217388,TOR,,00:46
2012020192,TOR,Phil,Kessel,2,04:41,05:13,12,,,517,10,#002868,0,8473548,Toronto Maple Leafs,2217389,TOR,,00:32
2012020192,TOR,Phil,Kessel,2,06:28,07:30,13,,,517,10,#002868,0,8473548,Toronto Maple Leafs,2217390,TOR,,01:02
2012020192,TOR,Phil,Kessel,2,08:52,10:06,14,,,517,10,#002868,0,8473548,Toronto Maple Leafs,2217391,TOR,,01:14
2012020192,TOR,Phil,Kessel,2,11:31,12:21,15,,,517,10,#002868,0,8473548,Toronto Maple Leafs,2217392,TOR,,00:50
2012020192,TOR,Phil,Kessel,2,12:58,13:40,16,,,517,10,#002868,0,8473548,Toronto Maple Leafs,2217393,TOR,,00:42
2012020192,TOR,Phil,Kessel,2,15:09,15:51,17,,,517,10,#002868,0,8473548,Toronto Maple Leafs,2217394,TOR,,00:42
2012020192,TOR,Phil,Kessel,2,18:13,19:03,18,,,517,10,#002868,0,8473548,Toronto Maple Leafs,2217395,TOR,,00:50
2012020192,TOR,Phil,Kessel,3,02:58,04:01,19,,,517,10,#002868,0,8473548,Toronto Maple Leafs,2217396,TOR,,01:03
2012020192,TOR,Phil,Kessel,3,06:09,07:13,20,,,517,10,#002868,0,8473548,Toronto Maple Leafs,2217397,TOR,,01:04
2012020192,TOR,Phil,Kessel,3,10:17,11:17,21,,,517,10,#002868,0,8473548,Toronto Maple Leafs,2217398,TOR,,01:00
2012020192,TOR,Phil,Kessel,3,12:31,13:42,22,,,517,10,#002868,0,8473548,Toronto Maple Leafs,2217399,TOR,,01:11
2012020192,TOR,Phil,Kessel,3,15:16,16:10,23,,,517,10,#002868,0,8473548,Toronto Maple Leafs,2217400,TOR,,00:54
2012020192,TOR,Phil,Kessel,3,16:21,19:35,24,,,517,10,#002868,0,8473548,Toronto Maple Leafs,2217401,TOR,,03:14
2012020192,TOR,Korbinian,Holzer,1,00:00,01:10,1,,,517,10,#002868,0,8473560,Toronto Maple Leafs,2217402,TOR,,01:10
2012020192,TOR,Korbinian,Holzer,1,02:47,03:27,2,,,517,10,#002868,0,8473560,Toronto Maple Leafs,2217403,TOR,,00:40
2012020192,TOR,Korbinian,Holzer,1,06:07,06:37,3,,,517,10,#002868,0,8473560,Toronto Maple Leafs,2217404,TOR,,00:30
2012020192,TOR,Korbinian,Holzer,1,08:38,09:51,4,,,517,10,#002868,0,8473560,Toronto Maple Leafs,2217405,TOR,,01:13
2012020192,TOR,Korbinian,Holzer,1,14:14,15:24,5,,,517,10,#002868,0,8473560,Toronto Maple Leafs,2217406,TOR,,01:10
2012020192,TOR,Korbinian,Holzer,1,18:06,18:39,6,,,517,10,#002868,0,8473560,Toronto Maple Leafs,2217407,TOR,,00:33
2012020192,TOR,Korbinian,Holzer,1,19:29,20:00,7,,,517,10,#002868,0,8473560,Toronto Maple Leafs,2217408,TOR,,00:31
2012020192,TOR,Korbinian,Holzer,2,00:00,00:43,8,,,517,10,#002868,0,8473560,Toronto Maple Leafs,2217409,TOR,,00:43
2012020192,TOR,Korbinian,Holzer,2,03:00,04:12,9,,,517,10,#002868,0,8473560,Toronto Maple Leafs,2217410,TOR,,01:12
2012020192,TOR,Korbinian,Holzer,2,05:13,06:06,10,,,517,10,#002868,0,8473560,Toronto Maple Leafs,2217411,TOR,,00:53
2012020192,TOR,Korbinian,Holzer,2,08:52,09:45,11,,,517,10,#002868,0,8473560,Toronto Maple Leafs,2217412,TOR,,00:53
2012020192,TOR,Korbinian,Holzer,2,10:28,10:47,12,,,517,10,#002868,0,8473560,Toronto Maple Leafs,2217413,TOR,,00:19
2012020192,TOR,Korbinian,Holzer,2,11:42,12:21,13,,,517,10,#002868,0,8473560,Toronto Maple Leafs,2217414,TOR,,00:39
2012020192,TOR,Korbinian,Holzer,2,12:31,12:58,14,,,517,10,#002868,0,8473560,Toronto Maple Leafs,2217415,TOR,,00:27
2012020192,TOR,Korbinian,Holzer,2,15:09,15:42,15,,,517,10,#002868,0,8473560,Toronto Maple Leafs,2217416,TOR,,00:33
2012020192,TOR,Korbinian,Holzer,2,16:15,17:13,16,,,517,10,#002868,0,8473560,Toronto Maple Leafs,2217417,TOR,,00:58
2012020192,TOR,Korbinian,Holzer,2,19:03,19:39,17,,,517,10,#002868,0,8473560,Toronto Maple Leafs,2217418,TOR,,00:36
2012020192,TOR,Korbinian,Holzer,3,00:00,00:58,18,,,517,10,#002868,0,8473560,Toronto Maple Leafs,2217419,TOR,,00:58
2012020192,TOR,Korbinian,Holzer,3,01:21,02:02,19,,,517,10,#002868,0,8473560,Toronto Maple Leafs,2217420,TOR,,00:41
2012020192,TOR,Korbinian,Holzer,3,02:58,03:54,20,,,517,10,#002868,0,8473560,Toronto Maple Leafs,2217421,TOR,,00:56
2012020192,TOR,Korbinian,Holzer,3,06:09,07:13,21,,,517,10,#002868,0,8473560,Toronto Maple Leafs,2217422,TOR,,01:04
2012020192,TOR,Korbinian,Holzer,3,09:27,09:56,22,,,517,10,#002868,0,8473560,Toronto Maple Leafs,2217423,TOR,,00:29
2012020192,TOR,Korbinian,Holzer,3,10:25,11:01,23,,,517,10,#002868,0,8473560,Toronto Maple Leafs,2217424,TOR,,00:36
2012020192,TOR,Korbinian,Holzer,3,13:04,13:40,24,,,517,10,#002868,0,8473560,Toronto Maple Leafs,2217425,TOR,,00:36
2012020192,TOR,Korbinian,Holzer,3,15:03,15:50,25,,,517,10,#002868,0,8473560,Toronto Maple Leafs,2217426,TOR,,00:47
2012020192,CAR,Andreas,Nodl,1,02:04,02:46,1,,,517,12,#CE1126,0,8473568,Carolina Hurricanes,2217427,CAR,,00:42
2012020192,CAR,Andreas,Nodl,1,05:16,05:53,2,,,517,12,#CE1126,0,8473568,Carolina Hurricanes,2217428,CAR,,00:37
2012020192,CAR,Andreas,Nodl,1,07:46,08:30,3,,,517,12,#CE1126,0,8473568,Carolina Hurricanes,2217429,CAR,,00:44
2012020192,CAR,Andreas,Nodl,1,12:33,12:54,4,,,517,12,#CE1126,0,8473568,Carolina Hurricanes,2217430,CAR,,00:21
2012020192,CAR,Andreas,Nodl,1,16:08,16:59,5,,,517,12,#CE1126,0,8473568,Carolina Hurricanes,2217431,CAR,,00:51
2012020192,CAR,Andreas,Nodl,2,02:06,02:54,6,,,517,12,#CE1126,0,8473568,Carolina Hurricanes,2217432,CAR,,00:48
2012020192,CAR,Andreas,Nodl,2,06:06,06:28,7,,,517,12,#CE1126,0,8473568,Carolina Hurricanes,2217433,CAR,,00:22
2012020192,CAR,Andreas,Nodl,2,13:40,14:16,8,,,517,12,#CE1126,0,8473568,Carolina Hurricanes,2217434,CAR,,00:36
2012020192,CAR,Andreas,Nodl,2,16:57,17:41,9,,,517,12,#CE1126,0,8473568,Carolina Hurricanes,2217435,CAR,,00:44
2012020192,CAR,Andreas,Nodl,3,04:49,05:30,10,,,517,12,#CE1126,0,8473568,Carolina Hurricanes,2217436,CAR,,00:41
2012020192,CAR,Andreas,Nodl,3,09:29,10:23,11,,,517,12,#CE1126,0,8473568,Carolina Hurricanes,2217437,CAR,,00:54
2012020192,CAR,Andreas,Nodl,3,12:25,12:47,12,,,517,12,#CE1126,0,8473568,Carolina Hurricanes,2217438,CAR,,00:22
2012020192,CAR,Andreas,Nodl,3,14:53,15:16,13,,,517,12,#CE1126,0,8473568,Carolina Hurricanes,2217439,CAR,,00:23
2012020192,CAR,Jamie,McBain,1,00:00,00:50,1,,,517,12,#CE1126,0,8473571,Carolina Hurricanes,2217440,CAR,,00:50
2012020192,CAR,Jamie,McBain,1,02:59,03:27,2,,,517,12,#CE1126,0,8473571,Carolina Hurricanes,2217441,CAR,,00:28
2012020192,CAR,Jamie,McBain,1,05:16,06:09,3,,,517,12,#CE1126,0,8473571,Carolina Hurricanes,2217442,CAR,,00:53
2012020192,CAR,Jamie,McBain,1,06:11,06:37,4,,,517,12,#CE1126,0,8473571,Carolina Hurricanes,2217443,CAR,,00:26
2012020192,CAR,Jamie,McBain,1,08:39,09:25,5,,,517,12,#CE1126,0,8473571,Carolina Hurricanes,2217444,CAR,,00:46
2012020192,CAR,Jamie,McBain,1,10:08,10:27,6,,,517,12,#CE1126,0,8473571,Carolina Hurricanes,2217445,CAR,,00:19
2012020192,CAR,Jamie,McBain,1,11:23,11:59,7,,,517,12,#CE1126,0,8473571,Carolina Hurricanes,2217446,CAR,,00:36
2012020192,CAR,Jamie,McBain,1,13:47,15:02,8,,,517,12,#CE1126,0,8473571,Carolina Hurricanes,2217447,CAR,,01:15
2012020192,CAR,Jamie,McBain,1,16:59,18:08,9,,,517,12,#CE1126,0,8473571,Carolina Hurricanes,2217448,CAR,,01:09
2012020192,CAR,Jamie,McBain,1,18:39,18:59,10,,,517,12,#CE1126,0,8473571,Carolina Hurricanes,2217449,CAR,,00:20
2012020192,CAR,Jamie,McBain,1,19:46,20:00,11,,,517,12,#CE1126,0,8473571,Carolina Hurricanes,2217450,CAR,,00:14
2012020192,CAR,Jamie,McBain,2,00:00,00:43,12,,,517,12,#CE1126,0,8473571,Carolina Hurricanes,2217451,CAR,,00:43
2012020192,CAR,Jamie,McBain,2,02:54,03:55,13,,,517,12,#CE1126,0,8473571,Carolina Hurricanes,2217452,CAR,,01:01
2012020192,CAR,Jamie,McBain,2,04:45,04:48,14,,,517,12,#CE1126,0,8473571,Carolina Hurricanes,2217453,CAR,,00:03
2012020192,CAR,Jamie,McBain,2,05:13,06:06,15,,,517,12,#CE1126,0,8473571,Carolina Hurricanes,2217454,CAR,,00:53
2012020192,CAR,Jamie,McBain,2,07:31,07:51,16,,,517,12,#CE1126,0,8473571,Carolina Hurricanes,2217455,CAR,,00:20
2012020192,CAR,Jamie,McBain,2,10:36,11:13,17,,,517,12,#CE1126,0,8473571,Carolina Hurricanes,2217456,CAR,,00:37
2012020192,CAR,Jamie,McBain,2,12:31,12:58,18,,,517,12,#CE1126,0,8473571,Carolina Hurricanes,2217457,CAR,,00:27
2012020192,CAR,Jamie,McBain,2,14:16,15:09,19,,,517,12,#CE1126,0,8473571,Carolina Hurricanes,2217458,CAR,,00:53
2012020192,CAR,Jamie,McBain,2,16:57,18:01,20,,,517,12,#CE1126,0,8473571,Carolina Hurricanes,2217459,CAR,,01:04
2012020192,CAR,Jamie,McBain,3,00:58,02:23,21,,,517,12,#CE1126,0,8473571,Carolina Hurricanes,2217460,CAR,,01:25
2012020192,CAR,Jamie,McBain,3,03:32,04:33,22,,,517,12,#CE1126,0,8473571,Carolina Hurricanes,2217461,CAR,,01:01
2012020192,CAR,Jamie,McBain,3,06:26,07:13,23,,,517,12,#CE1126,0,8473571,Carolina Hurricanes,2217462,CAR,,00:47
2012020192,CAR,Jamie,McBain,3,08:31,09:20,24,,,517,12,#CE1126,0,8473571,Carolina Hurricanes,2217463,CAR,,00:49
2012020192,CAR,Jamie,McBain,3,10:55,11:56,25,,,517,12,#CE1126,0,8473571,Carolina Hurricanes,2217464,CAR,,01:01
2012020192,CAR,Jamie,McBain,3,14:00,14:24,26,,,517,12,#CE1126,0,8473571,Carolina Hurricanes,2217465,CAR,,00:24
2012020192,CAR,Jamie,McBain,3,16:10,16:21,27,,,517,12,#CE1126,0,8473571,Carolina Hurricanes,2217466,CAR,,00:11
2012020192,CAR,Jamie,McBain,3,17:15,17:22,28,,,517,12,#CE1126,0,8473571,Carolina Hurricanes,2217467,CAR,,00:07
2012020192,CAR,Jamie,McBain,3,18:18,19:02,29,,,517,12,#CE1126,0,8473571,Carolina Hurricanes,2217468,CAR,,00:44
2012020192,TOR,Nikolay,Kulemin,1,00:00,00:49,1,,,517,10,#002868,0,8473579,Toronto Maple Leafs,2217469,TOR,,00:49
2012020192,TOR,Nikolay,Kulemin,1,02:47,03:27,2,,,517,10,#002868,0,8473579,Toronto Maple Leafs,2217470,TOR,,00:40
2012020192,TOR,Nikolay,Kulemin,1,06:07,06:37,3,,,517,10,#002868,0,8473579,Toronto Maple Leafs,2217471,TOR,,00:30
2012020192,TOR,Nikolay,Kulemin,1,08:44,09:51,4,,,517,10,#002868,0,8473579,Toronto Maple Leafs,2217472,TOR,,01:07
2012020192,TOR,Nikolay,Kulemin,1,14:14,15:24,5,,,517,10,#002868,0,8473579,Toronto Maple Leafs,2217473,TOR,,01:10
2012020192,TOR,Nikolay,Kulemin,1,18:06,18:39,6,,,517,10,#002868,0,8473579,Toronto Maple Leafs,2217474,TOR,,00:33
2012020192,TOR,Nikolay,Kulemin,1,19:32,20:00,7,,,517,10,#002868,0,8473579,Toronto Maple Leafs,2217475,TOR,,00:28
2012020192,TOR,Nikolay,Kulemin,2,00:00,00:43,8,,,517,10,#002868,0,8473579,Toronto Maple Leafs,2217476,TOR,,00:43
2012020192,TOR,Nikolay,Kulemin,2,02:51,03:56,9,,,517,10,#002868,0,8473579,Toronto Maple Leafs,2217477,TOR,,01:05
2012020192,TOR,Nikolay,Kulemin,2,05:13,06:06,10,,,517,10,#002868,0,8473579,Toronto Maple Leafs,2217478,TOR,,00:53
2012020192,TOR,Nikolay,Kulemin,2,10:36,11:31,11,,,517,10,#002868,0,8473579,Toronto Maple Leafs,2217479,TOR,,00:55
2012020192,TOR,Nikolay,Kulemin,2,12:31,12:58,12,,,517,10,#002868,0,8473579,Toronto Maple Leafs,2217480,TOR,,00:27
2012020192,TOR,Nikolay,Kulemin,2,19:22,20:00,13,,,517,10,#002868,0,8473579,Toronto Maple Leafs,2217481,TOR,,00:38
2012020192,TOR,Nikolay,Kulemin,3,02:21,02:58,14,,,517,10,#002868,0,8473579,Toronto Maple Leafs,2217482,TOR,,00:37
2012020192,TOR,Nikolay,Kulemin,3,07:13,08:12,15,,,517,10,#002868,0,8473579,Toronto Maple Leafs,2217483,TOR,,00:59
2012020192,TOR,Nikolay,Kulemin,3,11:17,11:56,16,,,517,10,#002868,0,8473579,Toronto Maple Leafs,2217484,TOR,,00:39
2012020192,TOR,Nikolay,Kulemin,3,13:42,14:45,17,,,517,10,#002868,0,8473579,Toronto Maple Leafs,2217485,TOR,,01:03
2012020192,TOR,Nikolay,Kulemin,3,16:10,16:21,18,,,517,10,#002868,0,8473579,Toronto Maple Leafs,2217486,TOR,,00:11
2012020192,TOR,Nikolay,Kulemin,3,19:35,20:00,19,,,517,10,#002868,0,8473579,Toronto Maple Leafs,2217487,TOR,,00:25
2012020192,CAR,Bobby,Sanguinetti,1,01:24,02:04,1,,,517,12,#CE1126,0,8473610,Carolina Hurricanes,2217488,CAR,,00:40
2012020192,CAR,Bobby,Sanguinetti,1,04:14,05:16,2,,,517,12,#CE1126,0,8473610,Carolina Hurricanes,2217489,CAR,,01:02
2012020192,CAR,Bobby,Sanguinetti,1,07:46,08:30,3,,,517,12,#CE1126,0,8473610,Carolina Hurricanes,2217490,CAR,,00:44
2012020192,CAR,Bobby,Sanguinetti,1,12:33,13:47,4,,,517,12,#CE1126,0,8473610,Carolina Hurricanes,2217491,CAR,,01:14
2012020192,CAR,Bobby,Sanguinetti,1,16:08,16:59,5,,,517,12,#CE1126,0,8473610,Carolina Hurricanes,2217492,CAR,,00:51
2012020192,CAR,Bobby,Sanguinetti,2,01:08,02:05,6,,,517,12,#CE1126,0,8473610,Carolina Hurricanes,2217493,CAR,,00:57
2012020192,CAR,Bobby,Sanguinetti,2,06:06,06:28,7,,,517,12,#CE1126,0,8473610,Carolina Hurricanes,2217494,CAR,,00:22
2012020192,CAR,Bobby,Sanguinetti,2,07:51,09:18,8,,,517,12,#CE1126,0,8473610,Carolina Hurricanes,2217495,CAR,,01:27
2012020192,CAR,Bobby,Sanguinetti,2,12:21,12:31,9,,,517,12,#CE1126,0,8473610,Carolina Hurricanes,2217496,CAR,,00:10
2012020192,CAR,Bobby,Sanguinetti,2,13:40,14:16,10,,,517,12,#CE1126,0,8473610,Carolina Hurricanes,2217497,CAR,,00:36
2012020192,CAR,Bobby,Sanguinetti,2,15:59,16:57,11,,,517,12,#CE1126,0,8473610,Carolina Hurricanes,2217498,CAR,,00:58
2012020192,CAR,Bobby,Sanguinetti,3,04:33,05:30,12,,,517,12,#CE1126,0,8473610,Carolina Hurricanes,2217499,CAR,,00:57
2012020192,CAR,Bobby,Sanguinetti,3,08:14,08:31,13,,,517,12,#CE1126,0,8473610,Carolina Hurricanes,2217500,CAR,,00:17
2012020192,CAR,Bobby,Sanguinetti,3,09:20,10:17,14,,,517,12,#CE1126,0,8473610,Carolina Hurricanes,2217501,CAR,,00:57
2012020192,CAR,Bobby,Sanguinetti,3,11:56,12:35,15,,,517,12,#CE1126,0,8473610,Carolina Hurricanes,2217502,CAR,,00:39
2012020192,CAR,Bobby,Sanguinetti,3,14:24,14:53,16,,,517,12,#CE1126,0,8473610,Carolina Hurricanes,2217503,CAR,,00:29
2012020192,TOR,Frazer,McLaren,1,02:04,02:47,1,,,517,10,#002868,0,8473712,Toronto Maple Leafs,2217504,TOR,,00:43
2012020192,TOR,Frazer,McLaren,1,05:22,06:07,2,,,517,10,#002868,0,8473712,Toronto Maple Leafs,2217505,TOR,,00:45
2012020192,TOR,Frazer,McLaren,1,12:34,13:27,3,,,517,10,#002868,0,8473712,Toronto Maple Leafs,2217506,TOR,,00:53
2012020192,TOR,Frazer,McLaren,2,02:13,03:00,4,,,517,10,#002868,0,8473712,Toronto Maple Leafs,2217507,TOR,,00:47
2012020192,TOR,Frazer,McLaren,2,06:06,06:28,5,,,517,10,#002868,0,8473712,Toronto Maple Leafs,2217508,TOR,,00:22
2012020192,TOR,Frazer,McLaren,2,10:06,10:36,6,,,517,10,#002868,0,8473712,Toronto Maple Leafs,2217509,TOR,,00:30
2012020192,TOR,Frazer,McLaren,2,13:40,14:16,7,,,517,10,#002868,0,8473712,Toronto Maple Leafs,2217510,TOR,,00:36
2012020192,TOR,Frazer,McLaren,2,14:16,14:37,8,,,517,10,#002868,0,8473712,Toronto Maple Leafs,2217511,TOR,,00:21
2012020192,TOR,Frazer,McLaren,2,16:54,17:19,9,,,517,10,#002868,0,8473712,Toronto Maple Leafs,2217512,TOR,,00:25
2012020192,TOR,Frazer,McLaren,3,05:11,06:09,10,,,517,10,#002868,0,8473712,Toronto Maple Leafs,2217513,TOR,,00:58
2012020192,TOR,Frazer,McLaren,3,09:20,09:56,11,,,517,10,#002868,0,8473712,Toronto Maple Leafs,2217514,TOR,,00:36
2012020192,TOR,Frazer,McLaren,3,12:25,12:31,12,,,517,10,#002868,0,8473712,Toronto Maple Leafs,2217515,TOR,,00:06
2012020192,CAR,Tim,Wallace,1,01:24,02:04,1,,,517,12,#CE1126,0,8473734,Carolina Hurricanes,2217516,CAR,,00:40
2012020192,CAR,Tim,Wallace,1,04:33,05:16,2,,,517,12,#CE1126,0,8473734,Carolina Hurricanes,2217517,CAR,,00:43
2012020192,CAR,Tim,Wallace,1,07:08,07:46,3,,,517,12,#CE1126,0,8473734,Carolina Hurricanes,2217518,CAR,,00:38
2012020192,CAR,Tim,Wallace,1,11:23,11:59,4,,,517,12,#CE1126,0,8473734,Carolina Hurricanes,2217519,CAR,,00:36
2012020192,CAR,Tim,Wallace,1,12:54,13:29,5,,,517,12,#CE1126,0,8473734,Carolina Hurricanes,2217520,CAR,,00:35
2012020192,CAR,Tim,Wallace,1,15:02,15:16,6,,,517,12,#CE1126,0,8473734,Carolina Hurricanes,2217521,CAR,,00:14
2012020192,CAR,Tim,Wallace,1,15:27,16:08,7,,,517,12,#CE1126,0,8473734,Carolina Hurricanes,2217522,CAR,,00:41
2012020192,CAR,Tim,Wallace,1,18:39,19:27,8,,,517,12,#CE1126,0,8473734,Carolina Hurricanes,2217523,CAR,,00:48
2012020192,CAR,Tim,Wallace,2,01:08,02:06,9,,,517,12,#CE1126,0,8473734,Carolina Hurricanes,2217524,CAR,,00:58
2012020192,CAR,Tim,Wallace,2,04:45,05:13,10,,,517,12,#CE1126,0,8473734,Carolina Hurricanes,2217525,CAR,,00:28
2012020192,CAR,Tim,Wallace,2,07:31,07:51,11,,,517,12,#CE1126,0,8473734,Carolina Hurricanes,2217526,CAR,,00:20
2012020192,CAR,Tim,Wallace,2,09:26,10:36,12,,,517,12,#CE1126,0,8473734,Carolina Hurricanes,2217527,CAR,,01:10
2012020192,CAR,Tim,Wallace,2,12:21,12:31,13,,,517,12,#CE1126,0,8473734,Carolina Hurricanes,2217528,CAR,,00:10
2012020192,CAR,Tim,Wallace,2,15:09,15:59,14,,,517,12,#CE1126,0,8473734,Carolina Hurricanes,2217529,CAR,,00:50
2012020192,CAR,Tim,Wallace,2,18:51,19:03,15,,,517,12,#CE1126,0,8473734,Carolina Hurricanes,2217530,CAR,,00:12
2012020192,CAR,Tim,Wallace,3,04:04,04:49,16,,,517,12,#CE1126,0,8473734,Carolina Hurricanes,2217531,CAR,,00:45
2012020192,CAR,Tim,Wallace,3,07:13,08:14,17,,,517,12,#CE1126,0,8473734,Carolina Hurricanes,2217532,CAR,,01:01
2012020192,CAR,Tim,Wallace,3,11:56,12:25,18,,,517,12,#CE1126,0,8473734,Carolina Hurricanes,2217533,CAR,,00:29
2012020192,CAR,Tim,Wallace,3,14:26,14:53,19,,,517,12,#CE1126,0,8473734,Carolina Hurricanes,2217534,CAR,,00:27
2012020192,CAR,Tim,Wallace,3,17:15,18:18,20,,,517,12,#CE1126,0,8473734,Carolina Hurricanes,2217535,CAR,,01:03
2012020192,CAR,Kevin,Westgarth,1,02:04,02:05,1,,,517,12,#CE1126,0,8473908,Carolina Hurricanes,2217536,CAR,,00:01
2012020192,CAR,Kevin,Westgarth,1,07:46,08:30,2,,,517,12,#CE1126,0,8473908,Carolina Hurricanes,2217537,CAR,,00:44
2012020192,CAR,Kevin,Westgarth,1,16:08,16:59,3,,,517,12,#CE1126,0,8473908,Carolina Hurricanes,2217538,CAR,,00:51
2012020192,CAR,Kevin,Westgarth,2,02:06,02:54,4,,,517,12,#CE1126,0,8473908,Carolina Hurricanes,2217539,CAR,,00:48
2012020192,CAR,Kevin,Westgarth,2,06:06,06:28,5,,,517,12,#CE1126,0,8473908,Carolina Hurricanes,2217540,CAR,,00:22
2012020192,CAR,Kevin,Westgarth,2,13:40,14:16,6,,,517,12,#CE1126,0,8473908,Carolina Hurricanes,2217541,CAR,,00:36
2012020192,CAR,Kevin,Westgarth,2,16:57,17:55,7,,,517,12,#CE1126,0,8473908,Carolina Hurricanes,2217542,CAR,,00:58
2012020192,CAR,Kevin,Westgarth,3,04:49,05:45,8,,,517,12,#CE1126,0,8473908,Carolina Hurricanes,2217543,CAR,,00:56
2012020192,CAR,Kevin,Westgarth,3,09:20,10:17,9,,,517,12,#CE1126,0,8473908,Carolina Hurricanes,2217544,CAR,,00:57
2012020192,CAR,Kevin,Westgarth,3,12:25,12:52,10,,,517,12,#CE1126,0,8473908,Carolina Hurricanes,2217545,CAR,,00:27
2012020192,CAR,Kevin,Westgarth,3,14:53,15:16,11,,,517,12,#CE1126,0,8473908,Carolina Hurricanes,2217546,CAR,,00:23
2012020192,TOR,James,van Riemsdyk,1,00:49,01:24,1,,,517,10,#002868,0,8474037,Toronto Maple Leafs,2217547,TOR,,00:35
2012020192,TOR,James,van Riemsdyk,1,03:27,04:26,2,,,517,10,#002868,0,8474037,Toronto Maple Leafs,2217548,TOR,,00:59
2012020192,TOR,James,van Riemsdyk,1,05:22,06:07,3,,,517,10,#002868,0,8474037,Toronto Maple Leafs,2217549,TOR,,00:45
2012020192,TOR,James,van Riemsdyk,1,06:37,07:08,4,,,517,10,#002868,0,8474037,Toronto Maple Leafs,2217550,TOR,,00:31
2012020192,TOR,James,van Riemsdyk,1,07:08,07:43,5,,,517,10,#002868,0,8474037,Toronto Maple Leafs,2217551,TOR,,00:35
2012020192,TOR,James,van Riemsdyk,1,09:51,10:27,6,,,517,10,#002868,0,8474037,Toronto Maple Leafs,2217552,TOR,,00:36
2012020192,TOR,James,van Riemsdyk,1,11:39,12:34,7,,,517,10,#002868,0,8474037,Toronto Maple Leafs,2217553,TOR,,00:55
2012020192,TOR,James,van Riemsdyk,1,15:27,16:38,8,,,517,10,#002868,0,8474037,Toronto Maple Leafs,2217554,TOR,,01:11
2012020192,TOR,James,van Riemsdyk,1,18:34,19:32,9,,,517,10,#002868,0,8474037,Toronto Maple Leafs,2217555,TOR,,00:58
2012020192,TOR,James,van Riemsdyk,2,00:43,01:08,10,,,517,10,#002868,0,8474037,Toronto Maple Leafs,2217556,TOR,,00:25
2012020192,TOR,James,van Riemsdyk,2,01:16,02:13,11,,,517,10,#002868,0,8474037,Toronto Maple Leafs,2217557,TOR,,00:57
2012020192,TOR,James,van Riemsdyk,2,04:45,05:13,12,,,517,10,#002868,0,8474037,Toronto Maple Leafs,2217558,TOR,,00:28
2012020192,TOR,James,van Riemsdyk,2,06:28,07:30,13,,,517,10,#002868,0,8474037,Toronto Maple Leafs,2217559,TOR,,01:02
2012020192,TOR,James,van Riemsdyk,2,09:30,10:06,14,,,517,10,#002868,0,8474037,Toronto Maple Leafs,2217560,TOR,,00:36
2012020192,TOR,James,van Riemsdyk,2,11:31,12:21,15,,,517,10,#002868,0,8474037,Toronto Maple Leafs,2217561,TOR,,00:50
2012020192,TOR,James,van Riemsdyk,2,12:58,13:40,16,,,517,10,#002868,0,8474037,Toronto Maple Leafs,2217562,TOR,,00:42
2012020192,TOR,James,van Riemsdyk,2,15:09,15:42,17,,,517,10,#002868,0,8474037,Toronto Maple Leafs,2217563,TOR,,00:33
2012020192,TOR,James,van Riemsdyk,2,17:19,19:03,18,,,517,10,#002868,0,8474037,Toronto Maple Leafs,2217564,TOR,,01:44
2012020192,TOR,James,van Riemsdyk,3,01:03,01:21,19,,,517,10,#002868,0,8474037,Toronto Maple Leafs,2217565,TOR,,00:18
2012020192,TOR,James,van Riemsdyk,3,02:58,03:54,20,,,517,10,#002868,0,8474037,Toronto Maple Leafs,2217566,TOR,,00:56
2012020192,TOR,James,van Riemsdyk,3,06:09,07:13,21,,,517,10,#002868,0,8474037,Toronto Maple Leafs,2217567,TOR,,01:04
2012020192,TOR,James,van Riemsdyk,3,09:56,11:11,22,,,517,10,#002868,0,8474037,Toronto Maple Leafs,2217568,TOR,,01:15
2012020192,TOR,James,van Riemsdyk,3,12:31,13:42,23,,,517,10,#002868,0,8474037,Toronto Maple Leafs,2217569,TOR,,01:11
2012020192,TOR,James,van Riemsdyk,3,15:16,16:10,24,,,517,10,#002868,0,8474037,Toronto Maple Leafs,2217570,TOR,,00:54
2012020192,TOR,James,van Riemsdyk,3,16:21,19:35,25,,,517,10,#002868,0,8474037,Toronto Maple Leafs,2217571,TOR,,03:14
2012020192,CAR,Drayson,Bowman,1,01:24,02:04,1,,,517,12,#CE1126,0,8474137,Carolina Hurricanes,2217572,CAR,,00:40
2012020192,CAR,Drayson,Bowman,1,04:28,05:16,2,,,517,12,#CE1126,0,8474137,Carolina Hurricanes,2217573,CAR,,00:48
2012020192,CAR,Drayson,Bowman,1,07:08,07:46,3,,,517,12,#CE1126,0,8474137,Carolina Hurricanes,2217574,CAR,,00:38
2012020192,CAR,Drayson,Bowman,1,12:54,13:37,4,,,517,12,#CE1126,0,8474137,Carolina Hurricanes,2217575,CAR,,00:43
2012020192,CAR,Drayson,Bowman,1,14:58,15:16,5,,,517,12,#CE1126,0,8474137,Carolina Hurricanes,2217576,CAR,,00:18
2012020192,CAR,Drayson,Bowman,1,15:39,16:08,6,,,517,12,#CE1126,0,8474137,Carolina Hurricanes,2217577,CAR,,00:29
2012020192,CAR,Drayson,Bowman,1,18:39,18:47,7,,,517,12,#CE1126,0,8474137,Carolina Hurricanes,2217578,CAR,,00:08
2012020192,CAR,Drayson,Bowman,1,18:53,19:40,8,,,517,12,#CE1126,0,8474137,Carolina Hurricanes,2217579,CAR,,00:47
2012020192,CAR,Drayson,Bowman,2,01:08,02:06,9,,,517,12,#CE1126,0,8474137,Carolina Hurricanes,2217580,CAR,,00:58
2012020192,CAR,Drayson,Bowman,2,04:45,05:13,10,,,517,12,#CE1126,0,8474137,Carolina Hurricanes,2217581,CAR,,00:28
2012020192,CAR,Drayson,Bowman,2,09:26,10:08,11,,,517,12,#CE1126,0,8474137,Carolina Hurricanes,2217582,CAR,,00:42
2012020192,CAR,Drayson,Bowman,2,12:21,12:31,12,,,517,12,#CE1126,0,8474137,Carolina Hurricanes,2217583,CAR,,00:10
2012020192,CAR,Drayson,Bowman,2,15:09,15:50,13,,,517,12,#CE1126,0,8474137,Carolina Hurricanes,2217584,CAR,,00:41
2012020192,CAR,Drayson,Bowman,2,18:51,19:03,14,,,517,12,#CE1126,0,8474137,Carolina Hurricanes,2217585,CAR,,00:12
2012020192,CAR,Drayson,Bowman,3,03:56,04:49,15,,,517,12,#CE1126,0,8474137,Carolina Hurricanes,2217586,CAR,,00:53
2012020192,CAR,Drayson,Bowman,3,07:13,08:14,16,,,517,12,#CE1126,0,8474137,Carolina Hurricanes,2217587,CAR,,01:01
2012020192,CAR,Drayson,Bowman,3,11:49,12:25,17,,,517,12,#CE1126,0,8474137,Carolina Hurricanes,2217588,CAR,,00:36
2012020192,CAR,Drayson,Bowman,3,14:26,14:53,18,,,517,12,#CE1126,0,8474137,Carolina Hurricanes,2217589,CAR,,00:27
2012020192,CAR,Drayson,Bowman,3,16:55,18:18,19,,,517,12,#CE1126,0,8474137,Carolina Hurricanes,2217590,CAR,,01:23
2012020192,TOR,Michael,Kostka,1,00:49,01:54,1,,,517,10,#002868,0,8474497,Toronto Maple Leafs,2217591,TOR,,01:05
2012020192,TOR,Michael,Kostka,1,03:27,04:33,2,,,517,10,#002868,0,8474497,Toronto Maple Leafs,2217592,TOR,,01:06
2012020192,TOR,Michael,Kostka,1,05:15,06:07,3,,,517,10,#002868,0,8474497,Toronto Maple Leafs,2217593,TOR,,00:52
2012020192,TOR,Michael,Kostka,1,06:37,07:08,4,,,517,10,#002868,0,8474497,Toronto Maple Leafs,2217594,TOR,,00:31
2012020192,TOR,Michael,Kostka,1,07:08,07:43,5,,,517,10,#002868,0,8474497,Toronto Maple Leafs,2217595,TOR,,00:35
2012020192,TOR,Michael,Kostka,1,09:51,11:26,6,,,517,10,#002868,0,8474497,Toronto Maple Leafs,2217596,TOR,,01:35
2012020192,TOR,Michael,Kostka,1,12:31,13:01,7,,,517,10,#002868,0,8474497,Toronto Maple Leafs,2217597,TOR,,00:30
2012020192,TOR,Michael,Kostka,1,13:37,14:14,8,,,517,10,#002868,0,8474497,Toronto Maple Leafs,2217598,TOR,,00:37
2012020192,TOR,Michael,Kostka,1,15:24,16:14,9,,,517,10,#002868,0,8474497,Toronto Maple Leafs,2217599,TOR,,00:50
2012020192,TOR,Michael,Kostka,1,18:39,19:29,10,,,517,10,#002868,0,8474497,Toronto Maple Leafs,2217600,TOR,,00:50
2012020192,TOR,Michael,Kostka,2,00:43,01:08,11,,,517,10,#002868,0,8474497,Toronto Maple Leafs,2217601,TOR,,00:25
2012020192,TOR,Michael,Kostka,2,01:56,02:43,12,,,517,10,#002868,0,8474497,Toronto Maple Leafs,2217602,TOR,,00:47
2012020192,TOR,Michael,Kostka,2,04:17,04:45,13,,,517,10,#002868,0,8474497,Toronto Maple Leafs,2217603,TOR,,00:28
2012020192,TOR,Michael,Kostka,2,06:06,06:28,14,,,517,10,#002868,0,8474497,Toronto Maple Leafs,2217604,TOR,,00:22
2012020192,TOR,Michael,Kostka,2,07:51,08:52,15,,,517,10,#002868,0,8474497,Toronto Maple Leafs,2217605,TOR,,01:01
2012020192,TOR,Michael,Kostka,2,10:47,11:42,16,,,517,10,#002868,0,8474497,Toronto Maple Leafs,2217606,TOR,,00:55
2012020192,TOR,Michael,Kostka,2,12:58,13:40,17,,,517,10,#002868,0,8474497,Toronto Maple Leafs,2217607,TOR,,00:42
2012020192,TOR,Michael,Kostka,2,14:37,15:09,18,,,517,10,#002868,0,8474497,Toronto Maple Leafs,2217608,TOR,,00:32
2012020192,TOR,Michael,Kostka,2,16:15,17:13,19,,,517,10,#002868,0,8474497,Toronto Maple Leafs,2217609,TOR,,00:58
2012020192,TOR,Michael,Kostka,2,18:13,18:58,20,,,517,10,#002868,0,8474497,Toronto Maple Leafs,2217610,TOR,,00:45
2012020192,TOR,Michael,Kostka,3,00:58,01:21,21,,,517,10,#002868,0,8474497,Toronto Maple Leafs,2217611,TOR,,00:23
2012020192,TOR,Michael,Kostka,3,02:02,02:58,22,,,517,10,#002868,0,8474497,Toronto Maple Leafs,2217612,TOR,,00:56
2012020192,TOR,Michael,Kostka,3,05:11,06:09,23,,,517,10,#002868,0,8474497,Toronto Maple Leafs,2217613,TOR,,00:58
2012020192,TOR,Michael,Kostka,3,07:13,07:21,24,,,517,10,#002868,0,8474497,Toronto Maple Leafs,2217614,TOR,,00:08
2012020192,TOR,Michael,Kostka,3,08:28,09:27,25,,,517,10,#002868,0,8474497,Toronto Maple Leafs,2217615,TOR,,00:59
2012020192,TOR,Michael,Kostka,3,11:01,11:56,26,,,517,10,#002868,0,8474497,Toronto Maple Leafs,2217616,TOR,,00:55
2012020192,TOR,Michael,Kostka,3,12:25,13:04,27,,,517,10,#002868,0,8474497,Toronto Maple Leafs,2217617,TOR,,00:39
2012020192,TOR,Michael,Kostka,3,13:40,14:26,28,,,517,10,#002868,0,8474497,Toronto Maple Leafs,2217618,TOR,,00:46
2012020192,TOR,Michael,Kostka,3,15:50,16:54,29,,,517,10,#002868,0,8474497,Toronto Maple Leafs,2217619,TOR,,01:04
2012020192,TOR,Michael,Kostka,3,17:58,20:00,30,,,517,10,#002868,0,8474497,Toronto Maple Leafs,2217620,TOR,,02:02
2012020192,CAR,Michal,Jordan,1,01:24,02:04,1,,,517,12,#CE1126,0,8474661,Carolina Hurricanes,2217621,CAR,,00:40
2012020192,CAR,Michal,Jordan,1,04:14,05:16,2,,,517,12,#CE1126,0,8474661,Carolina Hurricanes,2217622,CAR,,01:02
2012020192,CAR,Michal,Jordan,1,08:00,08:39,3,,,517,12,#CE1126,0,8474661,Carolina Hurricanes,2217623,CAR,,00:39
2012020192,CAR,Michal,Jordan,1,12:33,13:47,4,,,517,12,#CE1126,0,8474661,Carolina Hurricanes,2217624,CAR,,01:14
2012020192,CAR,Michal,Jordan,1,16:08,16:59,5,,,517,12,#CE1126,0,8474661,Carolina Hurricanes,2217625,CAR,,00:51
2012020192,CAR,Michal,Jordan,2,01:08,01:50,6,,,517,12,#CE1126,0,8474661,Carolina Hurricanes,2217626,CAR,,00:42
2012020192,CAR,Michal,Jordan,2,06:06,06:28,7,,,517,12,#CE1126,0,8474661,Carolina Hurricanes,2217627,CAR,,00:22
2012020192,CAR,Michal,Jordan,2,07:51,09:00,8,,,517,12,#CE1126,0,8474661,Carolina Hurricanes,2217628,CAR,,01:09
2012020192,CAR,Michal,Jordan,2,12:21,12:31,9,,,517,12,#CE1126,0,8474661,Carolina Hurricanes,2217629,CAR,,00:10
2012020192,CAR,Michal,Jordan,2,13:40,14:16,10,,,517,12,#CE1126,0,8474661,Carolina Hurricanes,2217630,CAR,,00:36
2012020192,CAR,Michal,Jordan,2,15:59,16:57,11,,,517,12,#CE1126,0,8474661,Carolina Hurricanes,2217631,CAR,,00:58
2012020192,CAR,Michal,Jordan,3,04:33,05:30,12,,,517,12,#CE1126,0,8474661,Carolina Hurricanes,2217632,CAR,,00:57
2012020192,CAR,Michal,Jordan,3,08:14,08:31,13,,,517,12,#CE1126,0,8474661,Carolina Hurricanes,2217633,CAR,,00:17
2012020192,CAR,Michal,Jordan,3,09:20,10:23,14,,,517,12,#CE1126,0,8474661,Carolina Hurricanes,2217634,CAR,,01:03
2012020192,CAR,Michal,Jordan,3,10:25,10:55,15,,,517,12,#CE1126,0,8474661,Carolina Hurricanes,2217635,CAR,,00:30
2012020192,CAR,Michal,Jordan,3,11:56,12:35,16,,,517,12,#CE1126,0,8474661,Carolina Hurricanes,2217636,CAR,,00:39
2012020192,CAR,Michal,Jordan,3,14:24,14:53,17,,,517,12,#CE1126,0,8474661,Carolina Hurricanes,2217637,CAR,,00:29
2012020192,TOR,Tyler,Bozak,1,00:49,01:24,1,,,517,10,#002868,0,8475098,Toronto Maple Leafs,2217638,TOR,,00:35
2012020192,TOR,Tyler,Bozak,1,03:27,04:26,2,,,517,10,#002868,0,8475098,Toronto Maple Leafs,2217639,TOR,,00:59
2012020192,TOR,Tyler,Bozak,1,06:37,07:08,3,,,517,10,#002868,0,8475098,Toronto Maple Leafs,2217640,TOR,,00:31
2012020192,TOR,Tyler,Bozak,1,07:08,07:43,4,,,517,10,#002868,0,8475098,Toronto Maple Leafs,2217641,TOR,,00:35
2012020192,TOR,Tyler,Bozak,1,09:51,10:27,5,,,517,10,#002868,0,8475098,Toronto Maple Leafs,2217642,TOR,,00:36
2012020192,TOR,Tyler,Bozak,1,11:35,12:34,6,,,517,10,#002868,0,8475098,Toronto Maple Leafs,2217643,TOR,,00:59
2012020192,TOR,Tyler,Bozak,1,15:27,16:17,7,,,517,10,#002868,0,8475098,Toronto Maple Leafs,2217644,TOR,,00:50
2012020192,TOR,Tyler,Bozak,1,18:39,19:32,8,,,517,10,#002868,0,8475098,Toronto Maple Leafs,2217645,TOR,,00:53
2012020192,TOR,Tyler,Bozak,2,00:43,01:08,9,,,517,10,#002868,0,8475098,Toronto Maple Leafs,2217646,TOR,,00:25
2012020192,TOR,Tyler,Bozak,2,01:16,02:13,10,,,517,10,#002868,0,8475098,Toronto Maple Leafs,2217647,TOR,,00:57
2012020192,TOR,Tyler,Bozak,2,04:45,05:13,11,,,517,10,#002868,0,8475098,Toronto Maple Leafs,2217648,TOR,,00:28
2012020192,TOR,Tyler,Bozak,2,06:28,07:30,12,,,517,10,#002868,0,8475098,Toronto Maple Leafs,2217649,TOR,,01:02
2012020192,TOR,Tyler,Bozak,2,08:52,09:45,13,,,517,10,#002868,0,8475098,Toronto Maple Leafs,2217650,TOR,,00:53
2012020192,TOR,Tyler,Bozak,2,11:45,12:21,14,,,517,10,#002868,0,8475098,Toronto Maple Leafs,2217651,TOR,,00:36
2012020192,TOR,Tyler,Bozak,2,12:31,12:46,15,,,517,10,#002868,0,8475098,Toronto Maple Leafs,2217652,TOR,,00:15
2012020192,TOR,Tyler,Bozak,2,12:58,13:40,16,,,517,10,#002868,0,8475098,Toronto Maple Leafs,2217653,TOR,,00:42
2012020192,TOR,Tyler,Bozak,2,15:09,15:42,17,,,517,10,#002868,0,8475098,Toronto Maple Leafs,2217654,TOR,,00:33
2012020192,TOR,Tyler,Bozak,2,17:56,19:22,18,,,517,10,#002868,0,8475098,Toronto Maple Leafs,2217655,TOR,,01:26
2012020192,TOR,Tyler,Bozak,3,00:58,01:21,19,,,517,10,#002868,0,8475098,Toronto Maple Leafs,2217656,TOR,,00:23
2012020192,TOR,Tyler,Bozak,3,02:58,03:54,20,,,517,10,#002868,0,8475098,Toronto Maple Leafs,2217657,TOR,,00:56
2012020192,TOR,Tyler,Bozak,3,06:09,07:13,21,,,517,10,#002868,0,8475098,Toronto Maple Leafs,2217658,TOR,,01:04
2012020192,TOR,Tyler,Bozak,3,10:01,11:11,22,,,517,10,#002868,0,8475098,Toronto Maple Leafs,2217659,TOR,,01:10
2012020192,TOR,Tyler,Bozak,3,12:31,13:42,23,,,517,10,#002868,0,8475098,Toronto Maple Leafs,2217660,TOR,,01:11
2012020192,TOR,Tyler,Bozak,3,15:16,16:10,24,,,517,10,#002868,0,8475098,Toronto Maple Leafs,2217661,TOR,,00:54
2012020192,TOR,Tyler,Bozak,3,16:21,16:54,25,,,517,10,#002868,0,8475098,Toronto Maple Leafs,2217662,TOR,,00:33
2012020192,TOR,Tyler,Bozak,3,17:58,19:35,26,,,517,10,#002868,0,8475098,Toronto Maple Leafs,2217663,TOR,,01:37
2012020192,TOR,Nazem,Kadri,1,01:24,02:04,1,,,517,10,#002868,0,8475172,Toronto Maple Leafs,2217664,TOR,,00:40
2012020192,TOR,Nazem,Kadri,1,04:26,05:22,2,,,517,10,#002868,0,8475172,Toronto Maple Leafs,2217665,TOR,,00:56
2012020192,TOR,Nazem,Kadri,1,07:43,08:55,3,,,517,10,#002868,0,8475172,Toronto Maple Leafs,2217666,TOR,,01:12
2012020192,TOR,Nazem,Kadri,1,10:27,11:43,4,,,517,10,#002868,0,8475172,Toronto Maple Leafs,2217667,TOR,,01:16
2012020192,TOR,Nazem,Kadri,1,13:27,14:14,5,,,517,10,#002868,0,8475172,Toronto Maple Leafs,2217668,TOR,,00:47
2012020192,TOR,Nazem,Kadri,1,16:17,17:52,6,,,517,10,#002868,0,8475172,Toronto Maple Leafs,2217669,TOR,,01:35
2012020192,TOR,Nazem,Kadri,2,07:51,07:51,0,PPG,"Dion Phaneuf, Mikhail Grabovski",505,10,#002868,807,8475172,Toronto Maple Leafs,5257895,TOR,249,
2012020192,TOR,Nazem,Kadri,2,01:08,01:16,7,,,517,10,#002868,0,8475172,Toronto Maple Leafs,2217670,TOR,,00:08
2012020192,TOR,Nazem,Kadri,2,04:10,04:45,8,,,517,10,#002868,0,8475172,Toronto Maple Leafs,2217671,TOR,,00:35
2012020192,TOR,Nazem,Kadri,2,07:30,08:52,9,,,517,10,#002868,0,8475172,Toronto Maple Leafs,2217672,TOR,,01:22
2012020192,TOR,Nazem,Kadri,2,12:21,12:31,10,,,517,10,#002868,0,8475172,Toronto Maple Leafs,2217673,TOR,,00:10
2012020192,TOR,Nazem,Kadri,2,14:37,15:09,11,,,517,10,#002868,0,8475172,Toronto Maple Leafs,2217674,TOR,,00:32
2012020192,TOR,Nazem,Kadri,2,15:42,16:54,12,,,517,10,#002868,0,8475172,Toronto Maple Leafs,2217675,TOR,,01:12
2012020192,TOR,Nazem,Kadri,3,03:54,05:11,13,,,517,10,#002868,0,8475172,Toronto Maple Leafs,2217676,TOR,,01:17
2012020192,TOR,Nazem,Kadri,3,08:12,09:20,14,,,517,10,#002868,0,8475172,Toronto Maple Leafs,2217677,TOR,,01:08
2012020192,TOR,Nazem,Kadri,3,11:56,12:25,15,,,517,10,#002868,0,8475172,Toronto Maple Leafs,2217678,TOR,,00:29
2012020192,TOR,Nazem,Kadri,3,14:45,15:16,16,,,517,10,#002868,0,8475172,Toronto Maple Leafs,2217679,TOR,,00:31
2012020192,TOR,Nazem,Kadri,3,16:54,17:22,17,,,517,10,#002868,0,8475172,Toronto Maple Leafs,2217680,TOR,,00:28
2012020192,TOR,Nazem,Kadri,3,18:23,18:55,18,,,517,10,#002868,0,8475172,Toronto Maple Leafs,2217681,TOR,,00:32
2012020192,TOR,Nazem,Kadri,3,19:35,20:00,19,,,517,10,#002868,0,8475172,Toronto Maple Leafs,2217682,TOR,,00:25
2012020192,TOR,Ben,Scrivens,1,00:00,20:00,1,,,517,10,#002868,0,8475681,Toronto Maple Leafs,2217683,TOR,,20:00
2012020192,TOR,Ben,Scrivens,2,00:00,20:00,2,,,517,10,#002868,0,8475681,Toronto Maple Leafs,2217684,TOR,,20:00
2012020192,TOR,Ben,Scrivens,3,00:00,16:54,3,,,517,10,#002868,0,8475681,Toronto Maple Leafs,2217685,TOR,,16:54
2012020192,TOR,Ben,Scrivens,3,17:22,17:58,4,,,517,10,#002868,0,8475681,Toronto Maple Leafs,2217686,TOR,,00:36
2012020192,TOR,Ben,Scrivens,3,18:18,18:23,5,,,517,10,#002868,0,8475681,Toronto Maple Leafs,2217687,TOR,,00:05
2012020192,CAR,Justin,Faulk,1,00:50,01:24,1,,,517,12,#CE1126,0,8475753,Carolina Hurricanes,2217688,CAR,,00:34
2012020192,CAR,Justin,Faulk,1,02:04,02:59,2,,,517,12,#CE1126,0,8475753,Carolina Hurricanes,2217689,CAR,,00:55
2012020192,CAR,Justin,Faulk,1,03:27,04:14,3,,,517,12,#CE1126,0,8475753,Carolina Hurricanes,2217690,CAR,,00:47
2012020192,CAR,Justin,Faulk,1,06:09,06:11,4,,,517,12,#CE1126,0,8475753,Carolina Hurricanes,2217691,CAR,,00:02
2012020192,CAR,Justin,Faulk,1,06:37,07:08,5,,,517,12,#CE1126,0,8475753,Carolina Hurricanes,2217692,CAR,,00:31
2012020192,CAR,Justin,Faulk,1,07:08,07:46,6,,,517,12,#CE1126,0,8475753,Carolina Hurricanes,2217693,CAR,,00:38
2012020192,CAR,Justin,Faulk,1,09:25,10:08,7,,,517,12,#CE1126,0,8475753,Carolina Hurricanes,2217694,CAR,,00:43
2012020192,CAR,Justin,Faulk,1,10:27,11:23,8,,,517,12,#CE1126,0,8475753,Carolina Hurricanes,2217695,CAR,,00:56
2012020192,CAR,Justin,Faulk,1,11:59,12:33,9,,,517,12,#CE1126,0,8475753,Carolina Hurricanes,2217696,CAR,,00:34
2012020192,CAR,Justin,Faulk,1,15:02,16:08,10,,,517,12,#CE1126,0,8475753,Carolina Hurricanes,2217697,CAR,,01:06
2012020192,CAR,Justin,Faulk,1,18:08,18:39,11,,,517,12,#CE1126,0,8475753,Carolina Hurricanes,2217698,CAR,,00:31
2012020192,CAR,Justin,Faulk,1,18:59,19:46,12,,,517,12,#CE1126,0,8475753,Carolina Hurricanes,2217699,CAR,,00:47
2012020192,CAR,Justin,Faulk,2,00:43,01:08,13,,,517,12,#CE1126,0,8475753,Carolina Hurricanes,2217700,CAR,,00:25
2012020192,CAR,Justin,Faulk,2,02:05,02:54,14,,,517,12,#CE1126,0,8475753,Carolina Hurricanes,2217701,CAR,,00:49
2012020192,CAR,Justin,Faulk,2,03:55,04:45,15,,,517,12,#CE1126,0,8475753,Carolina Hurricanes,2217702,CAR,,00:50
2012020192,CAR,Justin,Faulk,2,04:48,05:13,16,,,517,12,#CE1126,0,8475753,Carolina Hurricanes,2217703,CAR,,00:25
2012020192,CAR,Justin,Faulk,2,06:28,07:31,17,,,517,12,#CE1126,0,8475753,Carolina Hurricanes,2217704,CAR,,01:03
2012020192,CAR,Justin,Faulk,2,09:18,10:36,18,,,517,12,#CE1126,0,8475753,Carolina Hurricanes,2217705,CAR,,01:18
2012020192,CAR,Justin,Faulk,2,11:13,12:21,19,,,517,12,#CE1126,0,8475753,Carolina Hurricanes,2217706,CAR,,01:08
2012020192,CAR,Justin,Faulk,2,12:58,13:40,20,,,517,12,#CE1126,0,8475753,Carolina Hurricanes,2217707,CAR,,00:42
2012020192,CAR,Justin,Faulk,2,15:09,15:59,21,,,517,12,#CE1126,0,8475753,Carolina Hurricanes,2217708,CAR,,00:50
2012020192,CAR,Justin,Faulk,2,18:01,20:00,22,,,517,12,#CE1126,0,8475753,Carolina Hurricanes,2217709,CAR,,01:59
2012020192,CAR,Justin,Faulk,3,00:00,00:58,23,,,517,12,#CE1126,0,8475753,Carolina Hurricanes,2217710,CAR,,00:58
2012020192,CAR,Justin,Faulk,3,02:23,03:32,24,,,517,12,#CE1126,0,8475753,Carolina Hurricanes,2217711,CAR,,01:09
2012020192,CAR,Justin,Faulk,3,05:30,06:26,25,,,517,12,#CE1126,0,8475753,Carolina Hurricanes,2217712,CAR,,00:56
2012020192,CAR,Justin,Faulk,3,07:13,08:14,26,,,517,12,#CE1126,0,8475753,Carolina Hurricanes,2217713,CAR,,01:01
2012020192,CAR,Justin,Faulk,3,10:17,10:55,27,,,517,12,#CE1126,0,8475753,Carolina Hurricanes,2217714,CAR,,00:38
2012020192,CAR,Justin,Faulk,3,12:35,14:00,28,,,517,12,#CE1126,0,8475753,Carolina Hurricanes,2217715,CAR,,01:25
2012020192,CAR,Justin,Faulk,3,14:53,16:10,29,,,517,12,#CE1126,0,8475753,Carolina Hurricanes,2217716,CAR,,01:17
2012020192,CAR,Justin,Faulk,3,16:21,17:15,30,,,517,12,#CE1126,0,8475753,Carolina Hurricanes,2217717,CAR,,00:54
2012020192,CAR,Justin,Faulk,3,17:22,18:18,31,,,517,12,#CE1126,0,8475753,Carolina Hurricanes,2217718,CAR,,00:56
2012020192,CAR,Justin,Faulk,3,19:02,20:00,32,,,517,12,#CE1126,0,8475753,Carolina Hurricanes,2217719,CAR,,00:58
2012020192,CAR,Jeff,Skinner,1,00:50,01:24,1,,,517,12,#CE1126,0,8475784,Carolina Hurricanes,2217720,CAR,,00:34
2012020192,CAR,Jeff,Skinner,1,02:05,02:46,2,,,517,12,#CE1126,0,8475784,Carolina Hurricanes,2217721,CAR,,00:41
2012020192,CAR,Jeff,Skinner,1,03:27,04:28,3,,,517,12,#CE1126,0,8475784,Carolina Hurricanes,2217722,CAR,,01:01
2012020192,CAR,Jeff,Skinner,1,06:37,07:08,4,,,517,12,#CE1126,0,8475784,Carolina Hurricanes,2217723,CAR,,00:31
2012020192,CAR,Jeff,Skinner,1,09:39,10:17,5,,,517,12,#CE1126,0,8475784,Carolina Hurricanes,2217724,CAR,,00:38
2012020192,CAR,Jeff,Skinner,1,13:53,14:14,6,,,517,12,#CE1126,0,8475784,Carolina Hurricanes,2217725,CAR,,00:21
2012020192,CAR,Jeff,Skinner,1,15:16,15:27,7,,,517,12,#CE1126,0,8475784,Carolina Hurricanes,2217726,CAR,,00:11
2012020192,CAR,Jeff,Skinner,1,18:08,18:39,8,,,517,12,#CE1126,0,8475784,Carolina Hurricanes,2217727,CAR,,00:31
2012020192,CAR,Jeff,Skinner,2,00:43,01:08,9,,,517,12,#CE1126,0,8475784,Carolina Hurricanes,2217728,CAR,,00:25
2012020192,CAR,Jeff,Skinner,2,03:55,04:45,10,,,517,12,#CE1126,0,8475784,Carolina Hurricanes,2217729,CAR,,00:50
2012020192,CAR,Jeff,Skinner,2,10:08,11:40,11,,,517,12,#CE1126,0,8475784,Carolina Hurricanes,2217730,CAR,,01:32
2012020192,CAR,Jeff,Skinner,2,12:31,12:58,12,,,517,12,#CE1126,0,8475784,Carolina Hurricanes,2217731,CAR,,00:27
2012020192,CAR,Jeff,Skinner,2,14:16,15:09,13,,,517,12,#CE1126,0,8475784,Carolina Hurricanes,2217732,CAR,,00:53
2012020192,CAR,Jeff,Skinner,2,17:41,18:51,14,,,517,12,#CE1126,0,8475784,Carolina Hurricanes,2217733,CAR,,01:10
2012020192,CAR,Jeff,Skinner,3,00:00,00:58,15,,,517,12,#CE1126,0,8475784,Carolina Hurricanes,2217734,CAR,,00:58
2012020192,CAR,Jeff,Skinner,3,02:02,02:59,16,,,517,12,#CE1126,0,8475784,Carolina Hurricanes,2217735,CAR,,00:57
2012020192,CAR,Jeff,Skinner,3,05:30,06:34,17,,,517,12,#CE1126,0,8475784,Carolina Hurricanes,2217736,CAR,,01:04
2012020192,CAR,Jeff,Skinner,3,08:14,09:29,18,,,517,12,#CE1126,0,8475784,Carolina Hurricanes,2217737,CAR,,01:15
2012020192,CAR,Jeff,Skinner,3,11:12,11:49,19,,,517,12,#CE1126,0,8475784,Carolina Hurricanes,2217738,CAR,,00:37
2012020192,CAR,Jeff,Skinner,3,13:42,14:00,20,,,517,12,#CE1126,0,8475784,Carolina Hurricanes,2217739,CAR,,00:18
2012020192,CAR,Jeff,Skinner,3,16:10,16:55,21,,,517,12,#CE1126,0,8475784,Carolina Hurricanes,2217740,CAR,,00:45
2012020192,CAR,Jeff,Skinner,3,19:35,20:00,22,,,517,12,#CE1126,0,8475784,Carolina Hurricanes,2217741,CAR,,00:25
