gameId,teamAbbrev,firstName,lastName,period,startTime,endTime,shiftNumber,eventDescription,eventDetails,typeCode,teamId,hexValue,detailCode,playerId,teamName,id,teamAbbrev,eventNumber,duration
2012020598,PHI,Mike,Knuble,1,02:37,03:14,1,,,517,4,#F74902,0,8458590,Philadelphia Flyers,2533788,PHI,,00:37
2012020598,PHI,Mike,Knuble,1,08:56,10:01,2,,,517,4,#F74902,0,8458590,Philadelphia Flyers,2533789,PHI,,01:05
2012020598,PHI,Mike,Knuble,1,13:13,13:53,3,,,517,4,#F74902,0,8458590,Philadelphia Flyers,2533790,PHI,,00:40
2012020598,PHI,Mike,Knuble,1,17:38,18:24,4,,,517,4,#F74902,0,8458590,Philadelphia Flyers,2533791,PHI,,00:46
2012020598,PHI,Mike,Knuble,2,02:41,02:53,5,,,517,4,#F74902,0,8458590,Philadelphia Flyers,2533792,PHI,,00:12
2012020598,PHI,Mike,Knuble,2,05:28,06:28,6,,,517,4,#F74902,0,8458590,Philadelphia Flyers,2533793,PHI,,01:00
2012020598,PHI,Mike,Knuble,2,07:06,08:07,7,,,517,4,#F74902,0,8458590,Philadelphia Flyers,2533794,PHI,,01:01
2012020598,PHI,Mike,Knuble,2,11:14,12:43,8,,,517,4,#F74902,0,8458590,Philadelphia Flyers,2533795,PHI,,01:29
2012020598,PHI,Mike,Knuble,2,15:50,16:08,9,,,517,4,#F74902,0,8458590,Philadelphia Flyers,2533796,PHI,,00:18
2012020598,PHI,Mike,Knuble,3,00:50,02:03,10,,,517,4,#F74902,0,8458590,Philadelphia Flyers,2533797,PHI,,01:13
2012020598,PHI,Mike,Knuble,3,04:53,05:15,11,,,517,4,#F74902,0,8458590,Philadelphia Flyers,2533798,PHI,,00:22
2012020598,PHI,Mike,Knuble,3,12:14,12:58,12,,,517,4,#F74902,0,8458590,Philadelphia Flyers,2533799,PHI,,00:44
2012020598,OTT,Sergei,Gonchar,1,01:36,02:48,1,,,517,9,#CE1126,0,8458951,Ottawa Senators,2533800,OTT,,01:12
2012020598,OTT,Sergei,Gonchar,1,03:45,04:21,2,,,517,9,#CE1126,0,8458951,Ottawa Senators,2533801,OTT,,00:36
2012020598,OTT,Sergei,Gonchar,1,05:07,05:57,3,,,517,9,#CE1126,0,8458951,Ottawa Senators,2533802,OTT,,00:50
2012020598,OTT,Sergei,Gonchar,1,07:14,07:49,4,,,517,9,#CE1126,0,8458951,Ottawa Senators,2533803,OTT,,00:35
2012020598,OTT,Sergei,Gonchar,1,08:57,09:55,5,,,517,9,#CE1126,0,8458951,Ottawa Senators,2533804,OTT,,00:58
2012020598,OTT,Sergei,Gonchar,1,10:22,11:26,6,,,517,9,#CE1126,0,8458951,Ottawa Senators,2533805,OTT,,01:04
2012020598,OTT,Sergei,Gonchar,1,13:55,14:45,7,,,517,9,#CE1126,0,8458951,Ottawa Senators,2533806,OTT,,00:50
2012020598,OTT,Sergei,Gonchar,1,17:00,18:04,8,,,517,9,#CE1126,0,8458951,Ottawa Senators,2533807,OTT,,01:04
2012020598,OTT,Sergei,Gonchar,2,02:08,02:41,9,,,517,9,#CE1126,0,8458951,Ottawa Senators,2533808,OTT,,00:33
2012020598,OTT,Sergei,Gonchar,2,03:42,04:25,10,,,517,9,#CE1126,0,8458951,Ottawa Senators,2533809,OTT,,00:43
2012020598,OTT,Sergei,Gonchar,2,06:19,07:06,11,,,517,9,#CE1126,0,8458951,Ottawa Senators,2533810,OTT,,00:47
2012020598,OTT,Sergei,Gonchar,2,09:10,10:03,12,,,517,9,#CE1126,0,8458951,Ottawa Senators,2533811,OTT,,00:53
2012020598,OTT,Sergei,Gonchar,2,11:38,12:27,13,,,517,9,#CE1126,0,8458951,Ottawa Senators,2533812,OTT,,00:49
2012020598,OTT,Sergei,Gonchar,2,12:48,13:53,14,,,517,9,#CE1126,0,8458951,Ottawa Senators,2533813,OTT,,01:05
2012020598,OTT,Sergei,Gonchar,2,15:33,15:50,15,,,517,9,#CE1126,0,8458951,Ottawa Senators,2533814,OTT,,00:17
2012020598,OTT,Sergei,Gonchar,2,16:08,18:10,16,,,517,9,#CE1126,0,8458951,Ottawa Senators,2533815,OTT,,02:02
2012020598,OTT,Sergei,Gonchar,3,00:50,01:59,17,,,517,9,#CE1126,0,8458951,Ottawa Senators,2533816,OTT,,01:09
2012020598,OTT,Sergei,Gonchar,3,02:30,03:08,18,,,517,9,#CE1126,0,8458951,Ottawa Senators,2533817,OTT,,00:38
2012020598,OTT,Sergei,Gonchar,3,04:16,05:15,19,,,517,9,#CE1126,0,8458951,Ottawa Senators,2533818,OTT,,00:59
2012020598,OTT,Sergei,Gonchar,3,05:22,05:32,20,,,517,9,#CE1126,0,8458951,Ottawa Senators,2533819,OTT,,00:10
2012020598,OTT,Sergei,Gonchar,3,06:04,07:09,21,,,517,9,#CE1126,0,8458951,Ottawa Senators,2533820,OTT,,01:05
2012020598,OTT,Sergei,Gonchar,3,08:48,10:26,22,,,517,9,#CE1126,0,8458951,Ottawa Senators,2533821,OTT,,01:38
2012020598,OTT,Sergei,Gonchar,3,11:55,12:34,23,,,517,9,#CE1126,0,8458951,Ottawa Senators,2533822,OTT,,00:39
2012020598,OTT,Sergei,Gonchar,3,13:53,14:24,24,,,517,9,#CE1126,0,8458951,Ottawa Senators,2533823,OTT,,00:31
2012020598,OTT,Sergei,Gonchar,3,14:54,16:04,25,,,517,9,#CE1126,0,8458951,Ottawa Senators,2533824,OTT,,01:10
2012020598,OTT,Sergei,Gonchar,3,17:30,18:19,26,,,517,9,#CE1126,0,8458951,Ottawa Senators,2533825,OTT,,00:49
2012020598,OTT,Sergei,Gonchar,3,19:00,19:43,27,,,517,9,#CE1126,0,8458951,Ottawa Senators,2533826,OTT,,00:43
2012020598,PHI,Kimmo,Timonen,1,00:26,01:19,1,,,517,4,#F74902,0,8459670,Philadelphia Flyers,2533827,PHI,,00:53
2012020598,PHI,Kimmo,Timonen,1,03:14,03:45,2,,,517,4,#F74902,0,8459670,Philadelphia Flyers,2533828,PHI,,00:31
2012020598,PHI,Kimmo,Timonen,1,05:45,05:57,3,,,517,4,#F74902,0,8459670,Philadelphia Flyers,2533829,PHI,,00:12
2012020598,PHI,Kimmo,Timonen,1,08:14,08:48,4,,,517,4,#F74902,0,8459670,Philadelphia Flyers,2533830,PHI,,00:34
2012020598,PHI,Kimmo,Timonen,1,10:22,11:35,5,,,517,4,#F74902,0,8459670,Philadelphia Flyers,2533831,PHI,,01:13
2012020598,PHI,Kimmo,Timonen,1,11:44,12:13,6,,,517,4,#F74902,0,8459670,Philadelphia Flyers,2533832,PHI,,00:29
2012020598,PHI,Kimmo,Timonen,1,13:13,14:03,7,,,517,4,#F74902,0,8459670,Philadelphia Flyers,2533833,PHI,,00:50
2012020598,PHI,Kimmo,Timonen,1,15:54,16:31,8,,,517,4,#F74902,0,8459670,Philadelphia Flyers,2533834,PHI,,00:37
2012020598,PHI,Kimmo,Timonen,1,17:38,18:20,9,,,517,4,#F74902,0,8459670,Philadelphia Flyers,2533835,PHI,,00:42
2012020598,PHI,Kimmo,Timonen,1,19:20,20:00,10,,,517,4,#F74902,0,8459670,Philadelphia Flyers,2533836,PHI,,00:40
2012020598,PHI,Kimmo,Timonen,2,00:36,01:08,11,,,517,4,#F74902,0,8459670,Philadelphia Flyers,2533837,PHI,,00:32
2012020598,PHI,Kimmo,Timonen,2,02:53,04:04,12,,,517,4,#F74902,0,8459670,Philadelphia Flyers,2533838,PHI,,01:11
2012020598,PHI,Kimmo,Timonen,2,05:28,06:14,13,,,517,4,#F74902,0,8459670,Philadelphia Flyers,2533839,PHI,,00:46
2012020598,PHI,Kimmo,Timonen,2,07:06,07:49,14,,,517,4,#F74902,0,8459670,Philadelphia Flyers,2533840,PHI,,00:43
2012020598,PHI,Kimmo,Timonen,2,10:15,10:58,15,,,517,4,#F74902,0,8459670,Philadelphia Flyers,2533841,PHI,,00:43
2012020598,PHI,Kimmo,Timonen,2,13:50,14:53,16,,,517,4,#F74902,0,8459670,Philadelphia Flyers,2533842,PHI,,01:03
2012020598,PHI,Kimmo,Timonen,2,16:08,17:55,17,,,517,4,#F74902,0,8459670,Philadelphia Flyers,2533843,PHI,,01:47
2012020598,PHI,Kimmo,Timonen,2,19:48,20:00,18,,,517,4,#F74902,0,8459670,Philadelphia Flyers,2533844,PHI,,00:12
2012020598,PHI,Kimmo,Timonen,3,00:00,00:50,19,,,517,4,#F74902,0,8459670,Philadelphia Flyers,2533845,PHI,,00:50
2012020598,PHI,Kimmo,Timonen,3,03:19,04:53,20,,,517,4,#F74902,0,8459670,Philadelphia Flyers,2533846,PHI,,01:34
2012020598,PHI,Kimmo,Timonen,3,06:20,07:25,21,,,517,4,#F74902,0,8459670,Philadelphia Flyers,2533847,PHI,,01:05
2012020598,PHI,Kimmo,Timonen,3,09:20,09:54,22,,,517,4,#F74902,0,8459670,Philadelphia Flyers,2533848,PHI,,00:34
2012020598,PHI,Kimmo,Timonen,3,11:15,11:52,23,,,517,4,#F74902,0,8459670,Philadelphia Flyers,2533849,PHI,,00:37
2012020598,PHI,Kimmo,Timonen,3,13:45,14:54,24,,,517,4,#F74902,0,8459670,Philadelphia Flyers,2533850,PHI,,01:09
2012020598,PHI,Kimmo,Timonen,3,16:04,16:43,25,,,517,4,#F74902,0,8459670,Philadelphia Flyers,2533851,PHI,,00:39
2012020598,PHI,Kimmo,Timonen,3,17:48,19:15,26,,,517,4,#F74902,0,8459670,Philadelphia Flyers,2533852,PHI,,01:27
2012020598,PHI,Kimmo,Timonen,3,19:43,19:53,27,,,517,4,#F74902,0,8459670,Philadelphia Flyers,2533853,PHI,,00:10
2012020598,OTT,Daniel,Alfredsson,1,00:58,01:36,1,,,517,9,#CE1126,0,8460621,Ottawa Senators,2533854,OTT,,00:38
2012020598,OTT,Daniel,Alfredsson,1,03:20,04:21,2,,,517,9,#CE1126,0,8460621,Ottawa Senators,2533855,OTT,,01:01
2012020598,OTT,Daniel,Alfredsson,1,05:19,05:57,3,,,517,9,#CE1126,0,8460621,Ottawa Senators,2533856,OTT,,00:38
2012020598,OTT,Daniel,Alfredsson,1,07:49,08:14,4,,,517,9,#CE1126,0,8460621,Ottawa Senators,2533857,OTT,,00:25
2012020598,OTT,Daniel,Alfredsson,1,10:22,11:35,5,,,517,9,#CE1126,0,8460621,Ottawa Senators,2533858,OTT,,01:13
2012020598,OTT,Daniel,Alfredsson,1,13:13,14:24,6,,,517,9,#CE1126,0,8460621,Ottawa Senators,2533859,OTT,,01:11
2012020598,OTT,Daniel,Alfredsson,1,17:06,18:06,7,,,517,9,#CE1126,0,8460621,Ottawa Senators,2533860,OTT,,01:00
2012020598,OTT,Daniel,Alfredsson,1,19:31,20:00,8,,,517,9,#CE1126,0,8460621,Ottawa Senators,2533861,OTT,,00:29
2012020598,OTT,Daniel,Alfredsson,2,01:01,01:35,9,,,517,9,#CE1126,0,8460621,Ottawa Senators,2533862,OTT,,00:34
2012020598,OTT,Daniel,Alfredsson,2,03:42,04:25,10,,,517,9,#CE1126,0,8460621,Ottawa Senators,2533863,OTT,,00:43
2012020598,OTT,Daniel,Alfredsson,2,07:06,07:58,11,,,517,9,#CE1126,0,8460621,Ottawa Senators,2533864,OTT,,00:52
2012020598,OTT,Daniel,Alfredsson,2,10:15,11:38,12,,,517,9,#CE1126,0,8460621,Ottawa Senators,2533865,OTT,,01:23
2012020598,OTT,Daniel,Alfredsson,2,13:57,14:36,13,,,517,9,#CE1126,0,8460621,Ottawa Senators,2533866,OTT,,00:39
2012020598,OTT,Daniel,Alfredsson,2,16:08,17:56,14,,,517,9,#CE1126,0,8460621,Ottawa Senators,2533867,OTT,,01:48
2012020598,OTT,Daniel,Alfredsson,3,19:53,19:53,0,EVG,"Jean-Gabriel Pageau, Eric Gryba",505,9,#CE1126,802,8460621,Ottawa Senators,5260173,OTT,671,
2012020598,OTT,Daniel,Alfredsson,3,00:00,00:24,15,,,517,9,#CE1126,0,8460621,Ottawa Senators,2533868,OTT,,00:24
2012020598,OTT,Daniel,Alfredsson,3,01:33,02:03,16,,,517,9,#CE1126,0,8460621,Ottawa Senators,2533869,OTT,,00:30
2012020598,OTT,Daniel,Alfredsson,3,03:38,04:16,17,,,517,9,#CE1126,0,8460621,Ottawa Senators,2533870,OTT,,00:38
2012020598,OTT,Daniel,Alfredsson,3,04:51,05:15,18,,,517,9,#CE1126,0,8460621,Ottawa Senators,2533871,OTT,,00:24
2012020598,OTT,Daniel,Alfredsson,3,07:25,08:02,19,,,517,9,#CE1126,0,8460621,Ottawa Senators,2533872,OTT,,00:37
2012020598,OTT,Daniel,Alfredsson,3,08:48,10:16,20,,,517,9,#CE1126,0,8460621,Ottawa Senators,2533873,OTT,,01:28
2012020598,OTT,Daniel,Alfredsson,3,11:55,12:34,21,,,517,9,#CE1126,0,8460621,Ottawa Senators,2533874,OTT,,00:39
2012020598,OTT,Daniel,Alfredsson,3,13:53,14:24,22,,,517,9,#CE1126,0,8460621,Ottawa Senators,2533875,OTT,,00:31
2012020598,OTT,Daniel,Alfredsson,3,16:04,16:39,23,,,517,9,#CE1126,0,8460621,Ottawa Senators,2533876,OTT,,00:35
2012020598,OTT,Daniel,Alfredsson,3,18:19,18:54,24,,,517,9,#CE1126,0,8460621,Ottawa Senators,2533877,OTT,,00:35
2012020598,OTT,Daniel,Alfredsson,3,19:43,19:53,25,,,517,9,#CE1126,0,8460621,Ottawa Senators,2533878,OTT,,00:10
2012020598,OTT,Chris,Phillips,1,00:00,00:49,1,,,517,9,#CE1126,0,8464956,Ottawa Senators,2533879,OTT,,00:49
2012020598,OTT,Chris,Phillips,1,02:20,03:03,2,,,517,9,#CE1126,0,8464956,Ottawa Senators,2533880,OTT,,00:43
2012020598,OTT,Chris,Phillips,1,04:21,05:07,3,,,517,9,#CE1126,0,8464956,Ottawa Senators,2533881,OTT,,00:46
2012020598,OTT,Chris,Phillips,1,06:29,07:14,4,,,517,9,#CE1126,0,8464956,Ottawa Senators,2533882,OTT,,00:45
2012020598,OTT,Chris,Phillips,1,08:14,08:57,5,,,517,9,#CE1126,0,8464956,Ottawa Senators,2533883,OTT,,00:43
2012020598,OTT,Chris,Phillips,1,11:26,12:27,6,,,517,9,#CE1126,0,8464956,Ottawa Senators,2533884,OTT,,01:01
2012020598,OTT,Chris,Phillips,1,12:52,13:12,7,,,517,9,#CE1126,0,8464956,Ottawa Senators,2533885,OTT,,00:20
2012020598,OTT,Chris,Phillips,1,14:45,15:25,8,,,517,9,#CE1126,0,8464956,Ottawa Senators,2533886,OTT,,00:40
2012020598,OTT,Chris,Phillips,1,16:17,17:00,9,,,517,9,#CE1126,0,8464956,Ottawa Senators,2533887,OTT,,00:43
2012020598,OTT,Chris,Phillips,1,18:35,19:01,10,,,517,9,#CE1126,0,8464956,Ottawa Senators,2533888,OTT,,00:26
2012020598,OTT,Chris,Phillips,2,00:00,01:21,11,,,517,9,#CE1126,0,8464956,Ottawa Senators,2533889,OTT,,01:21
2012020598,OTT,Chris,Phillips,2,02:53,03:42,12,,,517,9,#CE1126,0,8464956,Ottawa Senators,2533890,OTT,,00:49
2012020598,OTT,Chris,Phillips,2,06:19,07:06,13,,,517,9,#CE1126,0,8464956,Ottawa Senators,2533891,OTT,,00:47
2012020598,OTT,Chris,Phillips,2,07:58,09:10,14,,,517,9,#CE1126,0,8464956,Ottawa Senators,2533892,OTT,,01:12
2012020598,OTT,Chris,Phillips,2,11:06,11:45,15,,,517,9,#CE1126,0,8464956,Ottawa Senators,2533893,OTT,,00:39
2012020598,OTT,Chris,Phillips,2,14:08,14:45,16,,,517,9,#CE1126,0,8464956,Ottawa Senators,2533894,OTT,,00:37
2012020598,OTT,Chris,Phillips,2,15:50,16:08,17,,,517,9,#CE1126,0,8464956,Ottawa Senators,2533895,OTT,,00:18
2012020598,OTT,Chris,Phillips,2,18:10,18:18,18,,,517,9,#CE1126,0,8464956,Ottawa Senators,2533896,OTT,,00:08
2012020598,OTT,Chris,Phillips,2,19:01,19:48,19,,,517,9,#CE1126,0,8464956,Ottawa Senators,2533897,OTT,,00:47
2012020598,OTT,Chris,Phillips,3,00:50,01:59,20,,,517,9,#CE1126,0,8464956,Ottawa Senators,2533898,OTT,,01:09
2012020598,OTT,Chris,Phillips,3,04:16,05:15,21,,,517,9,#CE1126,0,8464956,Ottawa Senators,2533899,OTT,,00:59
2012020598,OTT,Chris,Phillips,3,05:22,06:04,22,,,517,9,#CE1126,0,8464956,Ottawa Senators,2533900,OTT,,00:42
2012020598,OTT,Chris,Phillips,3,07:09,07:25,23,,,517,9,#CE1126,0,8464956,Ottawa Senators,2533901,OTT,,00:16
2012020598,OTT,Chris,Phillips,3,08:02,08:48,24,,,517,9,#CE1126,0,8464956,Ottawa Senators,2533902,OTT,,00:46
2012020598,OTT,Chris,Phillips,3,09:20,10:16,25,,,517,9,#CE1126,0,8464956,Ottawa Senators,2533903,OTT,,00:56
2012020598,OTT,Chris,Phillips,3,11:22,11:55,26,,,517,9,#CE1126,0,8464956,Ottawa Senators,2533904,OTT,,00:33
2012020598,OTT,Chris,Phillips,3,12:34,13:26,27,,,517,9,#CE1126,0,8464956,Ottawa Senators,2533905,OTT,,00:52
2012020598,OTT,Chris,Phillips,3,14:24,14:54,28,,,517,9,#CE1126,0,8464956,Ottawa Senators,2533906,OTT,,00:30
2012020598,OTT,Chris,Phillips,3,16:04,16:39,29,,,517,9,#CE1126,0,8464956,Ottawa Senators,2533907,OTT,,00:35
2012020598,OTT,Chris,Phillips,3,17:30,18:19,30,,,517,9,#CE1126,0,8464956,Ottawa Senators,2533908,OTT,,00:49
2012020598,OTT,Chris,Phillips,3,19:00,19:43,31,,,517,9,#CE1126,0,8464956,Ottawa Senators,2533909,OTT,,00:43
2012020598,PHI,Simon,Gagne,1,00:53,01:41,1,,,517,4,#F74902,0,8467346,Philadelphia Flyers,2533910,PHI,,00:48
2012020598,PHI,Simon,Gagne,1,03:20,03:45,2,,,517,4,#F74902,0,8467346,Philadelphia Flyers,2533911,PHI,,00:25
2012020598,PHI,Simon,Gagne,1,05:02,05:29,3,,,517,4,#F74902,0,8467346,Philadelphia Flyers,2533912,PHI,,00:27
2012020598,PHI,Simon,Gagne,1,06:42,08:14,4,,,517,4,#F74902,0,8467346,Philadelphia Flyers,2533913,PHI,,01:32
2012020598,PHI,Simon,Gagne,1,11:35,11:44,5,,,517,4,#F74902,0,8467346,Philadelphia Flyers,2533914,PHI,,00:09
2012020598,PHI,Simon,Gagne,1,12:52,13:13,6,,,517,4,#F74902,0,8467346,Philadelphia Flyers,2533915,PHI,,00:21
2012020598,PHI,Simon,Gagne,1,16:03,16:36,7,,,517,4,#F74902,0,8467346,Philadelphia Flyers,2533916,PHI,,00:33
2012020598,PHI,Simon,Gagne,1,19:20,20:00,8,,,517,4,#F74902,0,8467346,Philadelphia Flyers,2533917,PHI,,00:40
2012020598,PHI,Simon,Gagne,2,01:03,01:35,9,,,517,4,#F74902,0,8467346,Philadelphia Flyers,2533918,PHI,,00:32
2012020598,PHI,Simon,Gagne,2,02:08,02:41,10,,,517,4,#F74902,0,8467346,Philadelphia Flyers,2533919,PHI,,00:33
2012020598,PHI,Simon,Gagne,2,04:25,05:28,11,,,517,4,#F74902,0,8467346,Philadelphia Flyers,2533920,PHI,,01:03
2012020598,PHI,Simon,Gagne,2,06:28,07:06,12,,,517,4,#F74902,0,8467346,Philadelphia Flyers,2533921,PHI,,00:38
2012020598,PHI,Simon,Gagne,2,07:58,09:12,13,,,517,4,#F74902,0,8467346,Philadelphia Flyers,2533922,PHI,,01:14
2012020598,PHI,Simon,Gagne,2,13:42,13:57,14,,,517,4,#F74902,0,8467346,Philadelphia Flyers,2533923,PHI,,00:15
2012020598,PHI,Simon,Gagne,2,14:53,15:33,15,,,517,4,#F74902,0,8467346,Philadelphia Flyers,2533924,PHI,,00:40
2012020598,PHI,Simon,Gagne,2,17:55,19:00,16,,,517,4,#F74902,0,8467346,Philadelphia Flyers,2533925,PHI,,01:05
2012020598,PHI,Simon,Gagne,3,00:50,02:03,17,,,517,4,#F74902,0,8467346,Philadelphia Flyers,2533926,PHI,,01:13
2012020598,PHI,Simon,Gagne,3,02:55,03:19,18,,,517,4,#F74902,0,8467346,Philadelphia Flyers,2533927,PHI,,00:24
2012020598,PHI,Simon,Gagne,3,04:53,05:15,19,,,517,4,#F74902,0,8467346,Philadelphia Flyers,2533928,PHI,,00:22
2012020598,PHI,Simon,Gagne,3,07:25,08:02,20,,,517,4,#F74902,0,8467346,Philadelphia Flyers,2533929,PHI,,00:37
2012020598,PHI,Simon,Gagne,3,09:54,10:17,21,,,517,4,#F74902,0,8467346,Philadelphia Flyers,2533930,PHI,,00:23
2012020598,PHI,Simon,Gagne,3,11:15,12:14,22,,,517,4,#F74902,0,8467346,Philadelphia Flyers,2533931,PHI,,00:59
2012020598,PHI,Simon,Gagne,3,13:45,13:53,23,,,517,4,#F74902,0,8467346,Philadelphia Flyers,2533932,PHI,,00:08
2012020598,PHI,Simon,Gagne,3,16:43,17:58,24,,,517,4,#F74902,0,8467346,Philadelphia Flyers,2533933,PHI,,01:15
2012020598,PHI,Kent,Huskins,1,01:19,02:18,1,,,517,4,#F74902,0,8467478,Philadelphia Flyers,2533934,PHI,,00:59
2012020598,PHI,Kent,Huskins,1,03:45,04:21,2,,,517,4,#F74902,0,8467478,Philadelphia Flyers,2533935,PHI,,00:36
2012020598,PHI,Kent,Huskins,1,05:02,05:57,3,,,517,4,#F74902,0,8467478,Philadelphia Flyers,2533936,PHI,,00:55
2012020598,PHI,Kent,Huskins,1,06:42,08:14,4,,,517,4,#F74902,0,8467478,Philadelphia Flyers,2533937,PHI,,01:32
2012020598,PHI,Kent,Huskins,1,09:33,10:22,5,,,517,4,#F74902,0,8467478,Philadelphia Flyers,2533938,PHI,,00:49
2012020598,PHI,Kent,Huskins,1,11:35,11:44,6,,,517,4,#F74902,0,8467478,Philadelphia Flyers,2533939,PHI,,00:09
2012020598,PHI,Kent,Huskins,1,12:13,12:52,7,,,517,4,#F74902,0,8467478,Philadelphia Flyers,2533940,PHI,,00:39
2012020598,PHI,Kent,Huskins,1,14:03,14:53,8,,,517,4,#F74902,0,8467478,Philadelphia Flyers,2533941,PHI,,00:50
2012020598,PHI,Kent,Huskins,1,16:31,17:03,9,,,517,4,#F74902,0,8467478,Philadelphia Flyers,2533942,PHI,,00:32
2012020598,PHI,Kent,Huskins,1,18:20,18:35,10,,,517,4,#F74902,0,8467478,Philadelphia Flyers,2533943,PHI,,00:15
2012020598,PHI,Kent,Huskins,2,01:08,02:08,11,,,517,4,#F74902,0,8467478,Philadelphia Flyers,2533944,PHI,,01:00
2012020598,PHI,Kent,Huskins,2,04:04,04:25,12,,,517,4,#F74902,0,8467478,Philadelphia Flyers,2533945,PHI,,00:21
2012020598,PHI,Kent,Huskins,2,06:14,07:06,13,,,517,4,#F74902,0,8467478,Philadelphia Flyers,2533946,PHI,,00:52
2012020598,PHI,Kent,Huskins,2,07:49,08:42,14,,,517,4,#F74902,0,8467478,Philadelphia Flyers,2533947,PHI,,00:53
2012020598,PHI,Kent,Huskins,2,10:58,12:43,15,,,517,4,#F74902,0,8467478,Philadelphia Flyers,2533948,PHI,,01:45
2012020598,PHI,Kent,Huskins,2,14:53,15:33,16,,,517,4,#F74902,0,8467478,Philadelphia Flyers,2533949,PHI,,00:40
2012020598,PHI,Kent,Huskins,2,17:55,18:55,17,,,517,4,#F74902,0,8467478,Philadelphia Flyers,2533950,PHI,,01:00
2012020598,PHI,Kent,Huskins,2,19:45,19:48,18,,,517,4,#F74902,0,8467478,Philadelphia Flyers,2533951,PHI,,00:03
2012020598,PHI,Kent,Huskins,3,02:41,03:19,19,,,517,4,#F74902,0,8467478,Philadelphia Flyers,2533952,PHI,,00:38
2012020598,PHI,Kent,Huskins,3,08:02,08:22,20,,,517,4,#F74902,0,8467478,Philadelphia Flyers,2533953,PHI,,00:20
2012020598,PHI,Kent,Huskins,3,09:54,10:37,21,,,517,4,#F74902,0,8467478,Philadelphia Flyers,2533954,PHI,,00:43
2012020598,PHI,Kent,Huskins,3,11:52,12:34,22,,,517,4,#F74902,0,8467478,Philadelphia Flyers,2533955,PHI,,00:42
2012020598,PHI,Kent,Huskins,3,14:54,16:04,23,,,517,4,#F74902,0,8467478,Philadelphia Flyers,2533956,PHI,,01:10
2012020598,OTT,Chris,Neil,1,00:00,00:58,1,,,517,9,#CE1126,0,8467493,Ottawa Senators,2533957,OTT,,00:58
2012020598,OTT,Chris,Neil,1,03:08,03:20,2,,,517,9,#CE1126,0,8467493,Ottawa Senators,2533958,OTT,,00:12
2012020598,OTT,Chris,Neil,1,06:40,07:14,3,,,517,9,#CE1126,0,8467493,Ottawa Senators,2533959,OTT,,00:34
2012020598,OTT,Chris,Neil,1,08:57,10:04,4,,,517,9,#CE1126,0,8467493,Ottawa Senators,2533960,OTT,,01:07
2012020598,OTT,Chris,Neil,1,12:52,13:13,5,,,517,9,#CE1126,0,8467493,Ottawa Senators,2533961,OTT,,00:21
2012020598,OTT,Chris,Neil,1,14:24,15:11,6,,,517,9,#CE1126,0,8467493,Ottawa Senators,2533962,OTT,,00:47
2012020598,OTT,Chris,Neil,1,18:35,19:31,7,,,517,9,#CE1126,0,8467493,Ottawa Senators,2533963,OTT,,00:56
2012020598,OTT,Chris,Neil,2,00:00,00:57,8,,,517,9,#CE1126,0,8467493,Ottawa Senators,2533964,OTT,,00:57
2012020598,OTT,Chris,Neil,2,02:41,02:53,9,,,517,9,#CE1126,0,8467493,Ottawa Senators,2533965,OTT,,00:12
2012020598,OTT,Chris,Neil,2,05:21,06:19,10,,,517,9,#CE1126,0,8467493,Ottawa Senators,2533966,OTT,,00:58
2012020598,OTT,Chris,Neil,2,09:10,10:03,11,,,517,9,#CE1126,0,8467493,Ottawa Senators,2533967,OTT,,00:53
2012020598,OTT,Chris,Neil,2,12:43,13:43,12,,,517,9,#CE1126,0,8467493,Ottawa Senators,2533968,OTT,,01:00
2012020598,OTT,Chris,Neil,2,15:50,16:08,13,,,517,9,#CE1126,0,8467493,Ottawa Senators,2533969,OTT,,00:18
2012020598,OTT,Chris,Neil,3,02:03,02:51,14,,,517,9,#CE1126,0,8467493,Ottawa Senators,2533970,OTT,,00:48
2012020598,OTT,Chris,Neil,3,05:22,06:22,15,,,517,9,#CE1126,0,8467493,Ottawa Senators,2533971,OTT,,01:00
2012020598,OTT,Chris,Neil,3,12:34,13:10,16,,,517,9,#CE1126,0,8467493,Ottawa Senators,2533972,OTT,,00:36
2012020598,OTT,Chris,Neil,3,14:24,14:54,17,,,517,9,#CE1126,0,8467493,Ottawa Senators,2533973,OTT,,00:30
2012020598,OTT,Chris,Neil,3,18:54,19:43,18,,,517,9,#CE1126,0,8467493,Ottawa Senators,2533974,OTT,,00:49
2012020598,PHI,Adam,Hall,1,00:00,00:38,1,,,517,4,#F74902,0,8467925,Philadelphia Flyers,2533975,PHI,,00:38
2012020598,PHI,Adam,Hall,1,03:14,03:20,2,,,517,4,#F74902,0,8467925,Philadelphia Flyers,2533976,PHI,,00:06
2012020598,PHI,Adam,Hall,1,03:45,04:21,3,,,517,4,#F74902,0,8467925,Philadelphia Flyers,2533977,PHI,,00:36
2012020598,PHI,Adam,Hall,1,09:16,10:01,4,,,517,4,#F74902,0,8467925,Philadelphia Flyers,2533978,PHI,,00:45
2012020598,PHI,Adam,Hall,1,10:22,10:55,5,,,517,4,#F74902,0,8467925,Philadelphia Flyers,2533979,PHI,,00:33
2012020598,PHI,Adam,Hall,1,11:44,12:13,6,,,517,4,#F74902,0,8467925,Philadelphia Flyers,2533980,PHI,,00:29
2012020598,PHI,Adam,Hall,1,13:13,14:03,7,,,517,4,#F74902,0,8467925,Philadelphia Flyers,2533981,PHI,,00:50
2012020598,PHI,Adam,Hall,1,17:38,18:24,8,,,517,4,#F74902,0,8467925,Philadelphia Flyers,2533982,PHI,,00:46
2012020598,PHI,Adam,Hall,2,02:41,02:53,9,,,517,4,#F74902,0,8467925,Philadelphia Flyers,2533983,PHI,,00:12
2012020598,PHI,Adam,Hall,2,05:28,06:14,10,,,517,4,#F74902,0,8467925,Philadelphia Flyers,2533984,PHI,,00:46
2012020598,PHI,Adam,Hall,2,07:06,07:58,11,,,517,4,#F74902,0,8467925,Philadelphia Flyers,2533985,PHI,,00:52
2012020598,PHI,Adam,Hall,2,11:28,12:43,12,,,517,4,#F74902,0,8467925,Philadelphia Flyers,2533986,PHI,,01:15
2012020598,PHI,Adam,Hall,2,15:50,16:36,13,,,517,4,#F74902,0,8467925,Philadelphia Flyers,2533987,PHI,,00:46
2012020598,PHI,Adam,Hall,3,02:03,02:55,14,,,517,4,#F74902,0,8467925,Philadelphia Flyers,2533988,PHI,,00:52
2012020598,PHI,Adam,Hall,3,05:15,06:02,15,,,517,4,#F74902,0,8467925,Philadelphia Flyers,2533989,PHI,,00:47
2012020598,PHI,Adam,Hall,3,08:22,08:48,16,,,517,4,#F74902,0,8467925,Philadelphia Flyers,2533990,PHI,,00:26
2012020598,PHI,Adam,Hall,3,09:20,09:54,17,,,517,4,#F74902,0,8467925,Philadelphia Flyers,2533991,PHI,,00:34
2012020598,PHI,Adam,Hall,3,13:53,14:18,18,,,517,4,#F74902,0,8467925,Philadelphia Flyers,2533992,PHI,,00:25
2012020598,PHI,Adam,Hall,3,14:54,15:17,19,,,517,4,#F74902,0,8467925,Philadelphia Flyers,2533993,PHI,,00:23
2012020598,PHI,Adam,Hall,3,16:04,16:43,20,,,517,4,#F74902,0,8467925,Philadelphia Flyers,2533994,PHI,,00:39
2012020598,PHI,Adam,Hall,3,19:53,20:00,21,,,517,4,#F74902,0,8467925,Philadelphia Flyers,2533995,PHI,,00:07
2012020598,PHI,Ruslan,Fedotenko,1,00:38,00:53,1,,,517,4,#F74902,0,8468172,Philadelphia Flyers,2533996,PHI,,00:15
2012020598,PHI,Ruslan,Fedotenko,1,01:41,02:37,2,,,517,4,#F74902,0,8468172,Philadelphia Flyers,2533997,PHI,,00:56
2012020598,PHI,Ruslan,Fedotenko,1,03:14,03:20,3,,,517,4,#F74902,0,8468172,Philadelphia Flyers,2533998,PHI,,00:06
2012020598,PHI,Ruslan,Fedotenko,1,03:45,04:21,4,,,517,4,#F74902,0,8468172,Philadelphia Flyers,2533999,PHI,,00:36
2012020598,PHI,Ruslan,Fedotenko,1,05:57,06:42,5,,,517,4,#F74902,0,8468172,Philadelphia Flyers,2534000,PHI,,00:45
2012020598,PHI,Ruslan,Fedotenko,1,10:22,10:55,6,,,517,4,#F74902,0,8468172,Philadelphia Flyers,2534001,PHI,,00:33
2012020598,PHI,Ruslan,Fedotenko,1,11:44,12:13,7,,,517,4,#F74902,0,8468172,Philadelphia Flyers,2534002,PHI,,00:29
2012020598,PHI,Ruslan,Fedotenko,1,13:53,14:53,8,,,517,4,#F74902,0,8468172,Philadelphia Flyers,2534003,PHI,,01:00
2012020598,PHI,Ruslan,Fedotenko,1,16:51,17:38,9,,,517,4,#F74902,0,8468172,Philadelphia Flyers,2534004,PHI,,00:47
2012020598,PHI,Ruslan,Fedotenko,1,18:35,19:20,10,,,517,4,#F74902,0,8468172,Philadelphia Flyers,2534005,PHI,,00:45
2012020598,PHI,Ruslan,Fedotenko,2,01:35,02:08,11,,,517,4,#F74902,0,8468172,Philadelphia Flyers,2534006,PHI,,00:33
2012020598,PHI,Ruslan,Fedotenko,2,03:47,04:25,12,,,517,4,#F74902,0,8468172,Philadelphia Flyers,2534007,PHI,,00:38
2012020598,PHI,Ruslan,Fedotenko,2,09:12,10:15,13,,,517,4,#F74902,0,8468172,Philadelphia Flyers,2534008,PHI,,01:03
2012020598,PHI,Ruslan,Fedotenko,2,12:43,13:42,14,,,517,4,#F74902,0,8468172,Philadelphia Flyers,2534009,PHI,,00:59
2012020598,PHI,Ruslan,Fedotenko,2,15:33,15:50,15,,,517,4,#F74902,0,8468172,Philadelphia Flyers,2534010,PHI,,00:17
2012020598,PHI,Ruslan,Fedotenko,2,16:08,16:36,16,,,517,4,#F74902,0,8468172,Philadelphia Flyers,2534011,PHI,,00:28
2012020598,PHI,Ruslan,Fedotenko,3,02:03,02:55,17,,,517,4,#F74902,0,8468172,Philadelphia Flyers,2534012,PHI,,00:52
2012020598,PHI,Ruslan,Fedotenko,3,05:15,06:02,18,,,517,4,#F74902,0,8468172,Philadelphia Flyers,2534013,PHI,,00:47
2012020598,PHI,Ruslan,Fedotenko,3,08:22,08:48,19,,,517,4,#F74902,0,8468172,Philadelphia Flyers,2534014,PHI,,00:26
2012020598,PHI,Ruslan,Fedotenko,3,09:20,09:54,20,,,517,4,#F74902,0,8468172,Philadelphia Flyers,2534015,PHI,,00:34
2012020598,PHI,Ruslan,Fedotenko,3,13:53,14:18,21,,,517,4,#F74902,0,8468172,Philadelphia Flyers,2534016,PHI,,00:25
2012020598,PHI,Ruslan,Fedotenko,3,14:54,16:04,22,,,517,4,#F74902,0,8468172,Philadelphia Flyers,2534017,PHI,,01:10
2012020598,PHI,Ruslan,Fedotenko,3,19:53,20:00,23,,,517,4,#F74902,0,8468172,Philadelphia Flyers,2534018,PHI,,00:07
2012020598,PHI,Scott,Hartnell,1,01:41,02:18,1,,,517,4,#F74902,0,8468486,Philadelphia Flyers,2534019,PHI,,00:37
2012020598,PHI,Scott,Hartnell,1,05:29,06:42,2,,,517,4,#F74902,0,8468486,Philadelphia Flyers,2534020,PHI,,01:13
2012020598,PHI,Scott,Hartnell,1,12:22,12:52,3,,,517,4,#F74902,0,8468486,Philadelphia Flyers,2534021,PHI,,00:30
2012020598,PHI,Scott,Hartnell,1,14:03,14:53,4,,,517,4,#F74902,0,8468486,Philadelphia Flyers,2534022,PHI,,00:50
2012020598,PHI,Scott,Hartnell,1,16:36,17:38,5,,,517,4,#F74902,0,8468486,Philadelphia Flyers,2534023,PHI,,01:02
2012020598,PHI,Scott,Hartnell,1,18:35,19:20,6,,,517,4,#F74902,0,8468486,Philadelphia Flyers,2534024,PHI,,00:45
2012020598,PHI,Scott,Hartnell,2,01:35,02:08,7,,,517,4,#F74902,0,8468486,Philadelphia Flyers,2534025,PHI,,00:33
2012020598,PHI,Scott,Hartnell,2,04:04,04:25,8,,,517,4,#F74902,0,8468486,Philadelphia Flyers,2534026,PHI,,00:21
2012020598,PHI,Scott,Hartnell,2,09:12,09:58,9,,,517,4,#F74902,0,8468486,Philadelphia Flyers,2534027,PHI,,00:46
2012020598,PHI,Scott,Hartnell,2,12:43,13:42,10,,,517,4,#F74902,0,8468486,Philadelphia Flyers,2534028,PHI,,00:59
2012020598,PHI,Scott,Hartnell,2,15:33,15:50,11,,,517,4,#F74902,0,8468486,Philadelphia Flyers,2534029,PHI,,00:17
2012020598,PHI,Scott,Hartnell,2,19:00,20:00,12,,,517,4,#F74902,0,8468486,Philadelphia Flyers,2534030,PHI,,01:00
2012020598,PHI,Scott,Hartnell,3,00:00,00:50,13,,,517,4,#F74902,0,8468486,Philadelphia Flyers,2534031,PHI,,00:50
2012020598,PHI,Scott,Hartnell,3,03:19,04:18,14,,,517,4,#F74902,0,8468486,Philadelphia Flyers,2534032,PHI,,00:59
2012020598,PHI,Scott,Hartnell,3,08:02,08:22,15,,,517,4,#F74902,0,8468486,Philadelphia Flyers,2534033,PHI,,00:20
2012020598,PHI,Scott,Hartnell,3,10:22,11:15,16,,,517,4,#F74902,0,8468486,Philadelphia Flyers,2534034,PHI,,00:53
2012020598,PHI,Scott,Hartnell,3,13:11,13:45,17,,,517,4,#F74902,0,8468486,Philadelphia Flyers,2534035,PHI,,00:34
2012020598,PHI,Scott,Hartnell,3,17:58,19:53,18,,,517,4,#F74902,0,8468486,Philadelphia Flyers,2534036,PHI,,01:55
2012020598,PHI,Ilya,Bryzgalov,1,00:00,20:00,1,,,517,4,#F74902,0,8468524,Philadelphia Flyers,2534037,PHI,,20:00
2012020598,PHI,Ilya,Bryzgalov,2,00:00,20:00,2,,,517,4,#F74902,0,8468524,Philadelphia Flyers,2534038,PHI,,20:00
2012020598,PHI,Ilya,Bryzgalov,3,00:00,18:19,3,,,517,4,#F74902,0,8468524,Philadelphia Flyers,2534039,PHI,,18:19
2012020598,PHI,Ilya,Bryzgalov,3,19:00,19:30,4,,,517,4,#F74902,0,8468524,Philadelphia Flyers,2534040,PHI,,00:30
2012020598,PHI,Ilya,Bryzgalov,3,19:53,20:00,5,,,517,4,#F74902,0,8468524,Philadelphia Flyers,2534041,PHI,,00:07
2012020598,OTT,Andre,Benoit,1,00:00,00:49,1,,,517,9,#CE1126,0,8470378,Ottawa Senators,2534042,OTT,,00:49
2012020598,OTT,Andre,Benoit,1,02:48,03:14,2,,,517,9,#CE1126,0,8470378,Ottawa Senators,2534043,OTT,,00:26
2012020598,OTT,Andre,Benoit,1,04:21,05:19,3,,,517,9,#CE1126,0,8470378,Ottawa Senators,2534044,OTT,,00:58
2012020598,OTT,Andre,Benoit,1,06:29,07:14,4,,,517,9,#CE1126,0,8470378,Ottawa Senators,2534045,OTT,,00:45
2012020598,OTT,Andre,Benoit,1,08:14,08:57,5,,,517,9,#CE1126,0,8470378,Ottawa Senators,2534046,OTT,,00:43
2012020598,OTT,Andre,Benoit,1,11:20,12:27,6,,,517,9,#CE1126,0,8470378,Ottawa Senators,2534047,OTT,,01:07
2012020598,OTT,Andre,Benoit,1,12:52,13:12,7,,,517,9,#CE1126,0,8470378,Ottawa Senators,2534048,OTT,,00:20
2012020598,OTT,Andre,Benoit,1,14:45,15:25,8,,,517,9,#CE1126,0,8470378,Ottawa Senators,2534049,OTT,,00:40
2012020598,OTT,Andre,Benoit,1,16:17,17:00,9,,,517,9,#CE1126,0,8470378,Ottawa Senators,2534050,OTT,,00:43
2012020598,OTT,Andre,Benoit,1,18:35,19:01,10,,,517,9,#CE1126,0,8470378,Ottawa Senators,2534051,OTT,,00:26
2012020598,OTT,Andre,Benoit,2,00:00,01:21,11,,,517,9,#CE1126,0,8470378,Ottawa Senators,2534052,OTT,,01:21
2012020598,OTT,Andre,Benoit,2,02:53,03:42,12,,,517,9,#CE1126,0,8470378,Ottawa Senators,2534053,OTT,,00:49
2012020598,OTT,Andre,Benoit,2,05:21,06:19,13,,,517,9,#CE1126,0,8470378,Ottawa Senators,2534054,OTT,,00:58
2012020598,OTT,Andre,Benoit,2,07:58,09:10,14,,,517,9,#CE1126,0,8470378,Ottawa Senators,2534055,OTT,,01:12
2012020598,OTT,Andre,Benoit,2,11:06,11:38,15,,,517,9,#CE1126,0,8470378,Ottawa Senators,2534056,OTT,,00:32
2012020598,OTT,Andre,Benoit,2,14:08,14:45,16,,,517,9,#CE1126,0,8470378,Ottawa Senators,2534057,OTT,,00:37
2012020598,OTT,Andre,Benoit,2,15:50,16:08,17,,,517,9,#CE1126,0,8470378,Ottawa Senators,2534058,OTT,,00:18
2012020598,OTT,Andre,Benoit,2,17:56,18:18,18,,,517,9,#CE1126,0,8470378,Ottawa Senators,2534059,OTT,,00:22
2012020598,OTT,Andre,Benoit,2,19:01,19:48,19,,,517,9,#CE1126,0,8470378,Ottawa Senators,2534060,OTT,,00:47
2012020598,OTT,Andre,Benoit,3,01:48,01:55,20,,,517,9,#CE1126,0,8470378,Ottawa Senators,2534061,OTT,,00:07
2012020598,OTT,Andre,Benoit,3,05:32,06:04,21,,,517,9,#CE1126,0,8470378,Ottawa Senators,2534062,OTT,,00:32
2012020598,OTT,Andre,Benoit,3,07:09,07:25,22,,,517,9,#CE1126,0,8470378,Ottawa Senators,2534063,OTT,,00:16
2012020598,OTT,Andre,Benoit,3,08:02,08:48,23,,,517,9,#CE1126,0,8470378,Ottawa Senators,2534064,OTT,,00:46
2012020598,OTT,Andre,Benoit,3,11:22,12:12,24,,,517,9,#CE1126,0,8470378,Ottawa Senators,2534065,OTT,,00:50
2012020598,OTT,Andre,Benoit,3,13:39,13:53,25,,,517,9,#CE1126,0,8470378,Ottawa Senators,2534066,OTT,,00:14
2012020598,OTT,Andre,Benoit,3,14:24,14:54,26,,,517,9,#CE1126,0,8470378,Ottawa Senators,2534067,OTT,,00:30
2012020598,OTT,Andre,Benoit,3,16:04,16:39,27,,,517,9,#CE1126,0,8470378,Ottawa Senators,2534068,OTT,,00:35
2012020598,OTT,Marc,Methot,1,00:49,01:36,1,,,517,9,#CE1126,0,8470760,Ottawa Senators,2534069,OTT,,00:47
2012020598,OTT,Marc,Methot,1,03:03,03:45,2,,,517,9,#CE1126,0,8470760,Ottawa Senators,2534070,OTT,,00:42
2012020598,OTT,Marc,Methot,1,05:19,06:29,3,,,517,9,#CE1126,0,8470760,Ottawa Senators,2534071,OTT,,01:10
2012020598,OTT,Marc,Methot,1,07:49,08:14,4,,,517,9,#CE1126,0,8470760,Ottawa Senators,2534072,OTT,,00:25
2012020598,OTT,Marc,Methot,1,09:55,10:22,5,,,517,9,#CE1126,0,8470760,Ottawa Senators,2534073,OTT,,00:27
2012020598,OTT,Marc,Methot,1,12:27,12:52,6,,,517,9,#CE1126,0,8470760,Ottawa Senators,2534074,OTT,,00:25
2012020598,OTT,Marc,Methot,1,13:12,13:55,7,,,517,9,#CE1126,0,8470760,Ottawa Senators,2534075,OTT,,00:43
2012020598,OTT,Marc,Methot,1,15:25,16:17,8,,,517,9,#CE1126,0,8470760,Ottawa Senators,2534076,OTT,,00:52
2012020598,OTT,Marc,Methot,1,18:04,18:35,9,,,517,9,#CE1126,0,8470760,Ottawa Senators,2534077,OTT,,00:31
2012020598,OTT,Marc,Methot,1,19:01,20:00,10,,,517,9,#CE1126,0,8470760,Ottawa Senators,2534078,OTT,,00:59
2012020598,OTT,Marc,Methot,2,01:21,02:08,11,,,517,9,#CE1126,0,8470760,Ottawa Senators,2534079,OTT,,00:47
2012020598,OTT,Marc,Methot,2,02:41,02:53,12,,,517,9,#CE1126,0,8470760,Ottawa Senators,2534080,OTT,,00:12
2012020598,OTT,Marc,Methot,2,04:25,06:19,13,,,517,9,#CE1126,0,8470760,Ottawa Senators,2534081,OTT,,01:54
2012020598,OTT,Marc,Methot,2,07:06,07:58,14,,,517,9,#CE1126,0,8470760,Ottawa Senators,2534082,OTT,,00:52
2012020598,OTT,Marc,Methot,2,10:03,11:06,15,,,517,9,#CE1126,0,8470760,Ottawa Senators,2534083,OTT,,01:03
2012020598,OTT,Marc,Methot,2,12:27,12:48,16,,,517,9,#CE1126,0,8470760,Ottawa Senators,2534084,OTT,,00:21
2012020598,OTT,Marc,Methot,2,13:53,14:08,17,,,517,9,#CE1126,0,8470760,Ottawa Senators,2534085,OTT,,00:15
2012020598,OTT,Marc,Methot,2,14:45,15:33,18,,,517,9,#CE1126,0,8470760,Ottawa Senators,2534086,OTT,,00:48
2012020598,OTT,Marc,Methot,2,18:18,19:01,19,,,517,9,#CE1126,0,8470760,Ottawa Senators,2534087,OTT,,00:43
2012020598,OTT,Marc,Methot,2,19:48,20:00,20,,,517,9,#CE1126,0,8470760,Ottawa Senators,2534088,OTT,,00:12
2012020598,OTT,Marc,Methot,3,00:00,00:50,21,,,517,9,#CE1126,0,8470760,Ottawa Senators,2534089,OTT,,00:50
2012020598,OTT,Marc,Methot,3,01:59,02:30,22,,,517,9,#CE1126,0,8470760,Ottawa Senators,2534090,OTT,,00:31
2012020598,OTT,Marc,Methot,3,03:08,04:16,23,,,517,9,#CE1126,0,8470760,Ottawa Senators,2534091,OTT,,01:08
2012020598,OTT,Marc,Methot,3,05:15,05:22,24,,,517,9,#CE1126,0,8470760,Ottawa Senators,2534092,OTT,,00:07
2012020598,OTT,Marc,Methot,3,07:25,08:02,25,,,517,9,#CE1126,0,8470760,Ottawa Senators,2534093,OTT,,00:37
2012020598,OTT,Marc,Methot,3,10:16,11:22,26,,,517,9,#CE1126,0,8470760,Ottawa Senators,2534094,OTT,,01:06
2012020598,OTT,Marc,Methot,3,12:12,12:34,27,,,517,9,#CE1126,0,8470760,Ottawa Senators,2534095,OTT,,00:22
2012020598,OTT,Marc,Methot,3,13:26,13:53,28,,,517,9,#CE1126,0,8470760,Ottawa Senators,2534096,OTT,,00:27
2012020598,OTT,Marc,Methot,3,16:39,17:30,29,,,517,9,#CE1126,0,8470760,Ottawa Senators,2534097,OTT,,00:51
2012020598,OTT,Marc,Methot,3,18:19,19:00,30,,,517,9,#CE1126,0,8470760,Ottawa Senators,2534098,OTT,,00:41
2012020598,OTT,Marc,Methot,3,19:43,20:00,31,,,517,9,#CE1126,0,8470760,Ottawa Senators,2534099,OTT,,00:17
2012020598,PHI,Bruno,Gervais,1,00:53,01:41,1,,,517,4,#F74902,0,8470774,Philadelphia Flyers,2534100,PHI,,00:48
2012020598,PHI,Bruno,Gervais,1,03:14,03:45,2,,,517,4,#F74902,0,8470774,Philadelphia Flyers,2534101,PHI,,00:31
2012020598,PHI,Bruno,Gervais,1,05:02,05:57,3,,,517,4,#F74902,0,8470774,Philadelphia Flyers,2534102,PHI,,00:55
2012020598,PHI,Bruno,Gervais,1,07:25,08:48,4,,,517,4,#F74902,0,8470774,Philadelphia Flyers,2534103,PHI,,01:23
2012020598,PHI,Bruno,Gervais,1,15:34,16:31,5,,,517,4,#F74902,0,8470774,Philadelphia Flyers,2534104,PHI,,00:57
2012020598,PHI,Bruno,Gervais,1,17:38,18:20,6,,,517,4,#F74902,0,8470774,Philadelphia Flyers,2534105,PHI,,00:42
2012020598,PHI,Bruno,Gervais,1,19:20,20:00,7,,,517,4,#F74902,0,8470774,Philadelphia Flyers,2534106,PHI,,00:40
2012020598,PHI,Bruno,Gervais,2,01:35,02:08,8,,,517,4,#F74902,0,8470774,Philadelphia Flyers,2534107,PHI,,00:33
2012020598,PHI,Bruno,Gervais,2,04:25,05:28,9,,,517,4,#F74902,0,8470774,Philadelphia Flyers,2534108,PHI,,01:03
2012020598,PHI,Bruno,Gervais,2,08:07,09:24,10,,,517,4,#F74902,0,8470774,Philadelphia Flyers,2534109,PHI,,01:17
2012020598,PHI,Bruno,Gervais,2,11:14,12:43,11,,,517,4,#F74902,0,8470774,Philadelphia Flyers,2534110,PHI,,01:29
2012020598,PHI,Bruno,Gervais,2,14:53,15:33,12,,,517,4,#F74902,0,8470774,Philadelphia Flyers,2534111,PHI,,00:40
2012020598,PHI,Bruno,Gervais,2,19:45,19:48,13,,,517,4,#F74902,0,8470774,Philadelphia Flyers,2534112,PHI,,00:03
2012020598,PHI,Bruno,Gervais,3,02:41,03:19,14,,,517,4,#F74902,0,8470774,Philadelphia Flyers,2534113,PHI,,00:38
2012020598,PHI,Bruno,Gervais,3,06:20,07:25,15,,,517,4,#F74902,0,8470774,Philadelphia Flyers,2534114,PHI,,01:05
2012020598,PHI,Bruno,Gervais,3,08:02,08:22,16,,,517,4,#F74902,0,8470774,Philadelphia Flyers,2534115,PHI,,00:20
2012020598,PHI,Bruno,Gervais,3,10:37,11:15,17,,,517,4,#F74902,0,8470774,Philadelphia Flyers,2534116,PHI,,00:38
2012020598,PHI,Bruno,Gervais,3,12:48,13:45,18,,,517,4,#F74902,0,8470774,Philadelphia Flyers,2534117,PHI,,00:57
2012020598,PHI,Bruno,Gervais,3,16:43,18:07,19,,,517,4,#F74902,0,8470774,Philadelphia Flyers,2534118,PHI,,01:24
2012020598,PHI,Jay,Rosehill,1,00:00,00:53,1,,,517,4,#F74902,0,8470816,Philadelphia Flyers,2534119,PHI,,00:53
2012020598,PHI,Jay,Rosehill,1,09:33,10:22,2,,,517,4,#F74902,0,8470816,Philadelphia Flyers,2534120,PHI,,00:49
2012020598,PHI,Jay,Rosehill,2,02:41,02:53,3,,,517,4,#F74902,0,8470816,Philadelphia Flyers,2534121,PHI,,00:12
2012020598,PHI,Jay,Rosehill,2,05:28,06:28,4,,,517,4,#F74902,0,8470816,Philadelphia Flyers,2534122,PHI,,01:00
2012020598,PHI,Jay,Rosehill,2,07:06,07:58,5,,,517,4,#F74902,0,8470816,Philadelphia Flyers,2534123,PHI,,00:52
2012020598,PHI,Jay,Rosehill,2,11:39,12:43,6,,,517,4,#F74902,0,8470816,Philadelphia Flyers,2534124,PHI,,01:04
2012020598,PHI,Jay,Rosehill,2,15:50,16:08,7,,,517,4,#F74902,0,8470816,Philadelphia Flyers,2534125,PHI,,00:18
2012020598,PHI,Jay,Rosehill,3,05:22,06:20,8,,,517,4,#F74902,0,8470816,Philadelphia Flyers,2534126,PHI,,00:58
2012020598,OTT,Guillaume,Latendresse,1,00:58,01:36,1,,,517,9,#CE1126,0,8471670,Ottawa Senators,2534127,OTT,,00:38
2012020598,OTT,Guillaume,Latendresse,1,03:20,04:21,2,,,517,9,#CE1126,0,8471670,Ottawa Senators,2534128,OTT,,01:01
2012020598,OTT,Guillaume,Latendresse,1,05:07,05:57,3,,,517,9,#CE1126,0,8471670,Ottawa Senators,2534129,OTT,,00:50
2012020598,OTT,Guillaume,Latendresse,1,07:49,08:14,4,,,517,9,#CE1126,0,8471670,Ottawa Senators,2534130,OTT,,00:25
2012020598,OTT,Guillaume,Latendresse,1,10:22,11:35,5,,,517,9,#CE1126,0,8471670,Ottawa Senators,2534131,OTT,,01:13
2012020598,OTT,Guillaume,Latendresse,1,13:13,14:04,6,,,517,9,#CE1126,0,8471670,Ottawa Senators,2534132,OTT,,00:51
2012020598,OTT,Guillaume,Latendresse,1,16:50,18:06,7,,,517,9,#CE1126,0,8471670,Ottawa Senators,2534133,OTT,,01:16
2012020598,OTT,Guillaume,Latendresse,1,19:31,20:00,8,,,517,9,#CE1126,0,8471670,Ottawa Senators,2534134,OTT,,00:29
2012020598,OTT,Guillaume,Latendresse,2,01:01,01:35,9,,,517,9,#CE1126,0,8471670,Ottawa Senators,2534135,OTT,,00:34
2012020598,OTT,Guillaume,Latendresse,2,03:42,04:25,10,,,517,9,#CE1126,0,8471670,Ottawa Senators,2534136,OTT,,00:43
2012020598,OTT,Guillaume,Latendresse,2,07:01,07:58,11,,,517,9,#CE1126,0,8471670,Ottawa Senators,2534137,OTT,,00:57
2012020598,OTT,Guillaume,Latendresse,2,10:15,11:38,12,,,517,9,#CE1126,0,8471670,Ottawa Senators,2534138,OTT,,01:23
2012020598,OTT,Guillaume,Latendresse,2,13:57,14:45,13,,,517,9,#CE1126,0,8471670,Ottawa Senators,2534139,OTT,,00:48
2012020598,OTT,Guillaume,Latendresse,2,16:08,17:56,14,,,517,9,#CE1126,0,8471670,Ottawa Senators,2534140,OTT,,01:48
2012020598,OTT,Guillaume,Latendresse,3,01:55,02:03,15,,,517,9,#CE1126,0,8471670,Ottawa Senators,2534141,OTT,,00:08
2012020598,OTT,Guillaume,Latendresse,3,07:25,08:02,16,,,517,9,#CE1126,0,8471670,Ottawa Senators,2534142,OTT,,00:37
2012020598,OTT,Guillaume,Latendresse,3,11:51,12:34,17,,,517,9,#CE1126,0,8471670,Ottawa Senators,2534143,OTT,,00:43
2012020598,OTT,Guillaume,Latendresse,3,14:54,16:04,18,,,517,9,#CE1126,0,8471670,Ottawa Senators,2534144,OTT,,01:10
2012020598,OTT,Matt,Kassian,1,00:00,00:58,1,,,517,9,#CE1126,0,8471719,Ottawa Senators,2534145,OTT,,00:58
2012020598,OTT,Matt,Kassian,1,03:14,03:20,2,,,517,9,#CE1126,0,8471719,Ottawa Senators,2534146,OTT,,00:06
2012020598,OTT,Matt,Kassian,1,06:39,07:14,3,,,517,9,#CE1126,0,8471719,Ottawa Senators,2534147,OTT,,00:35
2012020598,OTT,Matt,Kassian,1,08:57,09:55,4,,,517,9,#CE1126,0,8471719,Ottawa Senators,2534148,OTT,,00:58
2012020598,OTT,Matt,Kassian,1,12:52,13:13,5,,,517,9,#CE1126,0,8471719,Ottawa Senators,2534149,OTT,,00:21
2012020598,OTT,Matt,Kassian,1,14:24,14:56,6,,,517,9,#CE1126,0,8471719,Ottawa Senators,2534150,OTT,,00:32
2012020598,OTT,Matt,Kassian,1,18:35,19:31,7,,,517,9,#CE1126,0,8471719,Ottawa Senators,2534151,OTT,,00:56
2012020598,OTT,Matt,Kassian,2,00:00,01:01,8,,,517,9,#CE1126,0,8471719,Ottawa Senators,2534152,OTT,,01:01
2012020598,OTT,Matt,Kassian,2,02:41,02:53,9,,,517,9,#CE1126,0,8471719,Ottawa Senators,2534153,OTT,,00:12
2012020598,OTT,Matt,Kassian,2,05:21,06:19,10,,,517,9,#CE1126,0,8471719,Ottawa Senators,2534154,OTT,,00:58
2012020598,OTT,Matt,Kassian,2,09:22,10:03,11,,,517,9,#CE1126,0,8471719,Ottawa Senators,2534155,OTT,,00:41
2012020598,OTT,Matt,Kassian,2,12:43,13:30,12,,,517,9,#CE1126,0,8471719,Ottawa Senators,2534156,OTT,,00:47
2012020598,OTT,Matt,Kassian,2,15:50,16:08,13,,,517,9,#CE1126,0,8471719,Ottawa Senators,2534157,OTT,,00:18
2012020598,OTT,Matt,Kassian,3,02:03,02:51,14,,,517,9,#CE1126,0,8471719,Ottawa Senators,2534158,OTT,,00:48
2012020598,OTT,Matt,Kassian,3,05:22,06:22,15,,,517,9,#CE1126,0,8471719,Ottawa Senators,2534159,OTT,,01:00
2012020598,OTT,Matt,Kassian,3,12:34,13:26,16,,,517,9,#CE1126,0,8471719,Ottawa Senators,2534160,OTT,,00:52
2012020598,OTT,Colin,Greening,1,02:25,03:14,1,,,517,9,#CE1126,0,8471862,Ottawa Senators,2534161,OTT,,00:49
2012020598,OTT,Colin,Greening,1,05:57,06:39,2,,,517,9,#CE1126,0,8471862,Ottawa Senators,2534162,OTT,,00:42
2012020598,OTT,Colin,Greening,1,08:14,08:57,3,,,517,9,#CE1126,0,8471862,Ottawa Senators,2534163,OTT,,00:43
2012020598,OTT,Colin,Greening,1,12:17,12:52,4,,,517,9,#CE1126,0,8471862,Ottawa Senators,2534164,OTT,,00:35
2012020598,OTT,Colin,Greening,1,15:54,16:50,5,,,517,9,#CE1126,0,8471862,Ottawa Senators,2534165,OTT,,00:56
2012020598,OTT,Colin,Greening,2,02:08,02:41,6,,,517,9,#CE1126,0,8471862,Ottawa Senators,2534166,OTT,,00:33
2012020598,OTT,Colin,Greening,2,04:25,05:21,7,,,517,9,#CE1126,0,8471862,Ottawa Senators,2534167,OTT,,00:56
2012020598,OTT,Colin,Greening,2,07:58,09:10,8,,,517,9,#CE1126,0,8471862,Ottawa Senators,2534168,OTT,,01:12
2012020598,OTT,Colin,Greening,2,12:27,12:43,9,,,517,9,#CE1126,0,8471862,Ottawa Senators,2534169,OTT,,00:16
2012020598,OTT,Colin,Greening,2,13:43,13:57,10,,,517,9,#CE1126,0,8471862,Ottawa Senators,2534170,OTT,,00:14
2012020598,OTT,Colin,Greening,2,15:49,15:50,11,,,517,9,#CE1126,0,8471862,Ottawa Senators,2534171,OTT,,00:01
2012020598,OTT,Colin,Greening,2,19:01,19:48,12,,,517,9,#CE1126,0,8471862,Ottawa Senators,2534172,OTT,,00:47
2012020598,OTT,Colin,Greening,3,14:24,14:24,0,PPG,Patrick Wiercioch,505,9,#CE1126,802,8471862,Ottawa Senators,5260172,OTT,655,
2012020598,OTT,Colin,Greening,3,01:15,01:33,13,,,517,9,#CE1126,0,8471862,Ottawa Senators,2534173,OTT,,00:18
2012020598,OTT,Colin,Greening,3,04:16,04:51,14,,,517,9,#CE1126,0,8471862,Ottawa Senators,2534174,OTT,,00:35
2012020598,OTT,Colin,Greening,3,07:09,07:25,15,,,517,9,#CE1126,0,8471862,Ottawa Senators,2534175,OTT,,00:16
2012020598,OTT,Colin,Greening,3,08:02,08:22,16,,,517,9,#CE1126,0,8471862,Ottawa Senators,2534176,OTT,,00:20
2012020598,OTT,Colin,Greening,3,08:48,10:16,17,,,517,9,#CE1126,0,8471862,Ottawa Senators,2534177,OTT,,01:28
2012020598,OTT,Colin,Greening,3,10:26,11:51,18,,,517,9,#CE1126,0,8471862,Ottawa Senators,2534178,OTT,,01:25
2012020598,OTT,Colin,Greening,3,13:53,14:24,19,,,517,9,#CE1126,0,8471862,Ottawa Senators,2534179,OTT,,00:31
2012020598,OTT,Colin,Greening,3,16:04,16:58,20,,,517,9,#CE1126,0,8471862,Ottawa Senators,2534180,OTT,,00:54
2012020598,OTT,Colin,Greening,3,17:40,18:19,21,,,517,9,#CE1126,0,8471862,Ottawa Senators,2534181,OTT,,00:39
2012020598,OTT,Colin,Greening,3,18:54,19:27,22,,,517,9,#CE1126,0,8471862,Ottawa Senators,2534182,OTT,,00:33
2012020598,OTT,Eric,Gryba,1,00:49,01:36,1,,,517,9,#CE1126,0,8473468,Ottawa Senators,2534183,OTT,,00:47
2012020598,OTT,Eric,Gryba,1,03:14,03:45,2,,,517,9,#CE1126,0,8473468,Ottawa Senators,2534184,OTT,,00:31
2012020598,OTT,Eric,Gryba,1,05:57,06:29,3,,,517,9,#CE1126,0,8473468,Ottawa Senators,2534185,OTT,,00:32
2012020598,OTT,Eric,Gryba,1,07:49,08:14,4,,,517,9,#CE1126,0,8473468,Ottawa Senators,2534186,OTT,,00:25
2012020598,OTT,Eric,Gryba,1,09:55,10:22,5,,,517,9,#CE1126,0,8473468,Ottawa Senators,2534187,OTT,,00:27
2012020598,OTT,Eric,Gryba,1,12:27,12:52,6,,,517,9,#CE1126,0,8473468,Ottawa Senators,2534188,OTT,,00:25
2012020598,OTT,Eric,Gryba,1,13:12,13:55,7,,,517,9,#CE1126,0,8473468,Ottawa Senators,2534189,OTT,,00:43
2012020598,OTT,Eric,Gryba,1,15:25,16:17,8,,,517,9,#CE1126,0,8473468,Ottawa Senators,2534190,OTT,,00:52
2012020598,OTT,Eric,Gryba,1,18:04,18:35,9,,,517,9,#CE1126,0,8473468,Ottawa Senators,2534191,OTT,,00:31
2012020598,OTT,Eric,Gryba,1,19:01,20:00,10,,,517,9,#CE1126,0,8473468,Ottawa Senators,2534192,OTT,,00:59
2012020598,OTT,Eric,Gryba,2,01:21,02:08,11,,,517,9,#CE1126,0,8473468,Ottawa Senators,2534193,OTT,,00:47
2012020598,OTT,Eric,Gryba,2,02:41,02:53,12,,,517,9,#CE1126,0,8473468,Ottawa Senators,2534194,OTT,,00:12
2012020598,OTT,Eric,Gryba,2,04:25,05:21,13,,,517,9,#CE1126,0,8473468,Ottawa Senators,2534195,OTT,,00:56
2012020598,OTT,Eric,Gryba,2,07:06,07:58,14,,,517,9,#CE1126,0,8473468,Ottawa Senators,2534196,OTT,,00:52
2012020598,OTT,Eric,Gryba,2,10:03,11:06,15,,,517,9,#CE1126,0,8473468,Ottawa Senators,2534197,OTT,,01:03
2012020598,OTT,Eric,Gryba,2,12:27,12:48,16,,,517,9,#CE1126,0,8473468,Ottawa Senators,2534198,OTT,,00:21
2012020598,OTT,Eric,Gryba,2,13:53,14:08,17,,,517,9,#CE1126,0,8473468,Ottawa Senators,2534199,OTT,,00:15
2012020598,OTT,Eric,Gryba,2,14:45,15:33,18,,,517,9,#CE1126,0,8473468,Ottawa Senators,2534200,OTT,,00:48
2012020598,OTT,Eric,Gryba,2,18:18,19:01,19,,,517,9,#CE1126,0,8473468,Ottawa Senators,2534201,OTT,,00:43
2012020598,OTT,Eric,Gryba,2,19:48,20:00,20,,,517,9,#CE1126,0,8473468,Ottawa Senators,2534202,OTT,,00:12
2012020598,OTT,Eric,Gryba,3,00:00,00:50,21,,,517,9,#CE1126,0,8473468,Ottawa Senators,2534203,OTT,,00:50
2012020598,OTT,Eric,Gryba,3,01:59,02:30,22,,,517,9,#CE1126,0,8473468,Ottawa Senators,2534204,OTT,,00:31
2012020598,OTT,Eric,Gryba,3,03:08,04:16,23,,,517,9,#CE1126,0,8473468,Ottawa Senators,2534205,OTT,,01:08
2012020598,OTT,Eric,Gryba,3,05:15,05:22,24,,,517,9,#CE1126,0,8473468,Ottawa Senators,2534206,OTT,,00:07
2012020598,OTT,Eric,Gryba,3,07:25,08:02,25,,,517,9,#CE1126,0,8473468,Ottawa Senators,2534207,OTT,,00:37
2012020598,OTT,Eric,Gryba,3,10:26,11:22,26,,,517,9,#CE1126,0,8473468,Ottawa Senators,2534208,OTT,,00:56
2012020598,OTT,Eric,Gryba,3,12:34,13:39,27,,,517,9,#CE1126,0,8473468,Ottawa Senators,2534209,OTT,,01:05
2012020598,OTT,Eric,Gryba,3,16:39,17:30,28,,,517,9,#CE1126,0,8473468,Ottawa Senators,2534210,OTT,,00:51
2012020598,OTT,Eric,Gryba,3,18:19,19:00,29,,,517,9,#CE1126,0,8473468,Ottawa Senators,2534211,OTT,,00:41
2012020598,OTT,Eric,Gryba,3,19:43,20:00,30,,,517,9,#CE1126,0,8473468,Ottawa Senators,2534212,OTT,,00:17
2012020598,PHI,Claude,Giroux,1,11:44,11:44,0,SHG,Simon Gagne,505,4,#F74902,805,8473512,Philadelphia Flyers,5260171,PHI,83,
2012020598,PHI,Claude,Giroux,1,00:53,01:41,1,,,517,4,#F74902,0,8473512,Philadelphia Flyers,2534213,PHI,,00:48
2012020598,PHI,Claude,Giroux,1,03:20,03:45,2,,,517,4,#F74902,0,8473512,Philadelphia Flyers,2534214,PHI,,00:25
2012020598,PHI,Claude,Giroux,1,04:21,04:33,3,,,517,4,#F74902,0,8473512,Philadelphia Flyers,2534215,PHI,,00:12
2012020598,PHI,Claude,Giroux,1,05:02,05:38,4,,,517,4,#F74902,0,8473512,Philadelphia Flyers,2534216,PHI,,00:36
2012020598,PHI,Claude,Giroux,1,06:42,08:14,5,,,517,4,#F74902,0,8473512,Philadelphia Flyers,2534217,PHI,,01:32
2012020598,PHI,Claude,Giroux,1,10:01,10:22,6,,,517,4,#F74902,0,8473512,Philadelphia Flyers,2534218,PHI,,00:21
2012020598,PHI,Claude,Giroux,1,11:35,11:44,7,,,517,4,#F74902,0,8473512,Philadelphia Flyers,2534219,PHI,,00:09
2012020598,PHI,Claude,Giroux,1,12:52,13:13,8,,,517,4,#F74902,0,8473512,Philadelphia Flyers,2534220,PHI,,00:21
2012020598,PHI,Claude,Giroux,1,15:34,16:51,9,,,517,4,#F74902,0,8473512,Philadelphia Flyers,2534221,PHI,,01:17
2012020598,PHI,Claude,Giroux,1,19:33,20:00,10,,,517,4,#F74902,0,8473512,Philadelphia Flyers,2534222,PHI,,00:27
2012020598,PHI,Claude,Giroux,2,01:08,01:35,11,,,517,4,#F74902,0,8473512,Philadelphia Flyers,2534223,PHI,,00:27
2012020598,PHI,Claude,Giroux,2,02:08,02:41,12,,,517,4,#F74902,0,8473512,Philadelphia Flyers,2534224,PHI,,00:33
2012020598,PHI,Claude,Giroux,2,04:25,05:28,13,,,517,4,#F74902,0,8473512,Philadelphia Flyers,2534225,PHI,,01:03
2012020598,PHI,Claude,Giroux,2,06:14,07:06,14,,,517,4,#F74902,0,8473512,Philadelphia Flyers,2534226,PHI,,00:52
2012020598,PHI,Claude,Giroux,2,07:58,09:24,15,,,517,4,#F74902,0,8473512,Philadelphia Flyers,2534227,PHI,,01:26
2012020598,PHI,Claude,Giroux,2,13:42,13:57,16,,,517,4,#F74902,0,8473512,Philadelphia Flyers,2534228,PHI,,00:15
2012020598,PHI,Claude,Giroux,2,14:53,15:33,17,,,517,4,#F74902,0,8473512,Philadelphia Flyers,2534229,PHI,,00:40
2012020598,PHI,Claude,Giroux,2,17:55,19:00,18,,,517,4,#F74902,0,8473512,Philadelphia Flyers,2534230,PHI,,01:05
2012020598,PHI,Claude,Giroux,2,19:48,20:00,19,,,517,4,#F74902,0,8473512,Philadelphia Flyers,2534231,PHI,,00:12
2012020598,PHI,Claude,Giroux,3,00:00,00:50,20,,,517,4,#F74902,0,8473512,Philadelphia Flyers,2534232,PHI,,00:50
2012020598,PHI,Claude,Giroux,3,02:55,04:53,21,,,517,4,#F74902,0,8473512,Philadelphia Flyers,2534233,PHI,,01:58
2012020598,PHI,Claude,Giroux,3,07:12,08:02,22,,,517,4,#F74902,0,8473512,Philadelphia Flyers,2534234,PHI,,00:50
2012020598,PHI,Claude,Giroux,3,08:57,09:20,23,,,517,4,#F74902,0,8473512,Philadelphia Flyers,2534235,PHI,,00:23
2012020598,PHI,Claude,Giroux,3,09:54,10:17,24,,,517,4,#F74902,0,8473512,Philadelphia Flyers,2534236,PHI,,00:23
2012020598,PHI,Claude,Giroux,3,11:15,12:14,25,,,517,4,#F74902,0,8473512,Philadelphia Flyers,2534237,PHI,,00:59
2012020598,PHI,Claude,Giroux,3,13:45,13:53,26,,,517,4,#F74902,0,8473512,Philadelphia Flyers,2534238,PHI,,00:08
2012020598,PHI,Claude,Giroux,3,16:24,17:06,27,,,517,4,#F74902,0,8473512,Philadelphia Flyers,2534239,PHI,,00:42
2012020598,PHI,Claude,Giroux,3,17:58,19:53,28,,,517,4,#F74902,0,8473512,Philadelphia Flyers,2534240,PHI,,01:55
2012020598,OTT,Erik,Condra,1,02:25,03:08,1,,,517,9,#CE1126,0,8473588,Ottawa Senators,2534241,OTT,,00:43
2012020598,OTT,Erik,Condra,1,05:57,06:40,2,,,517,9,#CE1126,0,8473588,Ottawa Senators,2534242,OTT,,00:43
2012020598,OTT,Erik,Condra,1,08:14,08:57,3,,,517,9,#CE1126,0,8473588,Ottawa Senators,2534243,OTT,,00:43
2012020598,OTT,Erik,Condra,1,12:17,12:52,4,,,517,9,#CE1126,0,8473588,Ottawa Senators,2534244,OTT,,00:35
2012020598,OTT,Erik,Condra,1,16:05,17:06,5,,,517,9,#CE1126,0,8473588,Ottawa Senators,2534245,OTT,,01:01
2012020598,OTT,Erik,Condra,2,02:08,02:41,6,,,517,9,#CE1126,0,8473588,Ottawa Senators,2534246,OTT,,00:33
2012020598,OTT,Erik,Condra,2,04:25,05:21,7,,,517,9,#CE1126,0,8473588,Ottawa Senators,2534247,OTT,,00:56
2012020598,OTT,Erik,Condra,2,08:07,09:22,8,,,517,9,#CE1126,0,8473588,Ottawa Senators,2534248,OTT,,01:15
2012020598,OTT,Erik,Condra,2,12:27,12:43,9,,,517,9,#CE1126,0,8473588,Ottawa Senators,2534249,OTT,,00:16
2012020598,OTT,Erik,Condra,2,13:30,13:57,10,,,517,9,#CE1126,0,8473588,Ottawa Senators,2534250,OTT,,00:27
2012020598,OTT,Erik,Condra,2,15:33,15:50,11,,,517,9,#CE1126,0,8473588,Ottawa Senators,2534251,OTT,,00:17
2012020598,OTT,Erik,Condra,2,19:01,20:00,12,,,517,9,#CE1126,0,8473588,Ottawa Senators,2534252,OTT,,00:59
2012020598,OTT,Erik,Condra,3,00:24,00:50,13,,,517,9,#CE1126,0,8473588,Ottawa Senators,2534253,OTT,,00:26
2012020598,OTT,Erik,Condra,3,01:15,02:03,14,,,517,9,#CE1126,0,8473588,Ottawa Senators,2534254,OTT,,00:48
2012020598,OTT,Erik,Condra,3,03:19,03:38,15,,,517,9,#CE1126,0,8473588,Ottawa Senators,2534255,OTT,,00:19
2012020598,OTT,Erik,Condra,3,04:51,05:15,16,,,517,9,#CE1126,0,8473588,Ottawa Senators,2534256,OTT,,00:24
2012020598,OTT,Erik,Condra,3,08:02,08:22,17,,,517,9,#CE1126,0,8473588,Ottawa Senators,2534257,OTT,,00:20
2012020598,OTT,Erik,Condra,3,11:18,11:55,18,,,517,9,#CE1126,0,8473588,Ottawa Senators,2534258,OTT,,00:37
2012020598,OTT,Erik,Condra,3,17:30,18:19,19,,,517,9,#CE1126,0,8473588,Ottawa Senators,2534259,OTT,,00:49
2012020598,OTT,Erik,Condra,3,19:27,19:43,20,,,517,9,#CE1126,0,8473588,Ottawa Senators,2534260,OTT,,00:16
2012020598,OTT,Kyle,Turris,1,00:58,01:36,1,,,517,9,#CE1126,0,8474068,Ottawa Senators,2534261,OTT,,00:38
2012020598,OTT,Kyle,Turris,1,03:20,04:21,2,,,517,9,#CE1126,0,8474068,Ottawa Senators,2534262,OTT,,01:01
2012020598,OTT,Kyle,Turris,1,05:19,05:57,3,,,517,9,#CE1126,0,8474068,Ottawa Senators,2534263,OTT,,00:38
2012020598,OTT,Kyle,Turris,1,07:49,08:14,4,,,517,9,#CE1126,0,8474068,Ottawa Senators,2534264,OTT,,00:25
2012020598,OTT,Kyle,Turris,1,10:22,11:35,5,,,517,9,#CE1126,0,8474068,Ottawa Senators,2534265,OTT,,01:13
2012020598,OTT,Kyle,Turris,1,13:13,14:24,6,,,517,9,#CE1126,0,8474068,Ottawa Senators,2534266,OTT,,01:11
2012020598,OTT,Kyle,Turris,1,16:50,18:06,7,,,517,9,#CE1126,0,8474068,Ottawa Senators,2534267,OTT,,01:16
2012020598,OTT,Kyle,Turris,1,19:31,20:00,8,,,517,9,#CE1126,0,8474068,Ottawa Senators,2534268,OTT,,00:29
2012020598,OTT,Kyle,Turris,2,00:57,01:35,9,,,517,9,#CE1126,0,8474068,Ottawa Senators,2534269,OTT,,00:38
2012020598,OTT,Kyle,Turris,2,03:34,04:25,10,,,517,9,#CE1126,0,8474068,Ottawa Senators,2534270,OTT,,00:51
2012020598,OTT,Kyle,Turris,2,07:01,08:07,11,,,517,9,#CE1126,0,8474068,Ottawa Senators,2534271,OTT,,01:06
2012020598,OTT,Kyle,Turris,2,10:15,11:38,12,,,517,9,#CE1126,0,8474068,Ottawa Senators,2534272,OTT,,01:23
2012020598,OTT,Kyle,Turris,2,13:57,14:53,13,,,517,9,#CE1126,0,8474068,Ottawa Senators,2534273,OTT,,00:56
2012020598,OTT,Kyle,Turris,2,16:08,17:56,14,,,517,9,#CE1126,0,8474068,Ottawa Senators,2534274,OTT,,01:48
2012020598,OTT,Kyle,Turris,2,19:48,20:00,15,,,517,9,#CE1126,0,8474068,Ottawa Senators,2534275,OTT,,00:12
2012020598,OTT,Kyle,Turris,3,00:50,01:15,16,,,517,9,#CE1126,0,8474068,Ottawa Senators,2534276,OTT,,00:25
2012020598,OTT,Kyle,Turris,3,03:19,03:38,17,,,517,9,#CE1126,0,8474068,Ottawa Senators,2534277,OTT,,00:19
2012020598,OTT,Kyle,Turris,3,05:15,05:22,18,,,517,9,#CE1126,0,8474068,Ottawa Senators,2534278,OTT,,00:07
2012020598,OTT,Kyle,Turris,3,07:25,08:02,19,,,517,9,#CE1126,0,8474068,Ottawa Senators,2534279,OTT,,00:37
2012020598,OTT,Kyle,Turris,3,08:48,10:16,20,,,517,9,#CE1126,0,8474068,Ottawa Senators,2534280,OTT,,01:28
2012020598,OTT,Kyle,Turris,3,11:55,12:34,21,,,517,9,#CE1126,0,8474068,Ottawa Senators,2534281,OTT,,00:39
2012020598,OTT,Kyle,Turris,3,13:53,14:24,22,,,517,9,#CE1126,0,8474068,Ottawa Senators,2534282,OTT,,00:31
2012020598,OTT,Kyle,Turris,3,16:04,16:58,23,,,517,9,#CE1126,0,8474068,Ottawa Senators,2534283,OTT,,00:54
2012020598,OTT,Kyle,Turris,3,18:19,19:00,24,,,517,9,#CE1126,0,8474068,Ottawa Senators,2534284,OTT,,00:41
2012020598,OTT,Kyle,Turris,3,19:43,19:53,25,,,517,9,#CE1126,0,8474068,Ottawa Senators,2534285,OTT,,00:10
2012020598,PHI,Jakub,Voracek,1,00:53,01:41,1,,,517,4,#F74902,0,8474161,Philadelphia Flyers,2534286,PHI,,00:48
2012020598,PHI,Jakub,Voracek,1,03:20,03:45,2,,,517,4,#F74902,0,8474161,Philadelphia Flyers,2534287,PHI,,00:25
2012020598,PHI,Jakub,Voracek,1,06:42,08:14,3,,,517,4,#F74902,0,8474161,Philadelphia Flyers,2534288,PHI,,01:32
2012020598,PHI,Jakub,Voracek,1,10:01,10:22,4,,,517,4,#F74902,0,8474161,Philadelphia Flyers,2534289,PHI,,00:21
2012020598,PHI,Jakub,Voracek,1,12:52,13:13,5,,,517,4,#F74902,0,8474161,Philadelphia Flyers,2534290,PHI,,00:21
2012020598,PHI,Jakub,Voracek,1,15:34,16:51,6,,,517,4,#F74902,0,8474161,Philadelphia Flyers,2534291,PHI,,01:17
2012020598,PHI,Jakub,Voracek,1,17:38,18:24,7,,,517,4,#F74902,0,8474161,Philadelphia Flyers,2534292,PHI,,00:46
2012020598,PHI,Jakub,Voracek,1,19:20,20:00,8,,,517,4,#F74902,0,8474161,Philadelphia Flyers,2534293,PHI,,00:40
2012020598,PHI,Jakub,Voracek,2,00:57,01:35,9,,,517,4,#F74902,0,8474161,Philadelphia Flyers,2534294,PHI,,00:38
2012020598,PHI,Jakub,Voracek,2,02:08,02:41,10,,,517,4,#F74902,0,8474161,Philadelphia Flyers,2534295,PHI,,00:33
2012020598,PHI,Jakub,Voracek,2,04:25,05:28,11,,,517,4,#F74902,0,8474161,Philadelphia Flyers,2534296,PHI,,01:03
2012020598,PHI,Jakub,Voracek,2,06:28,07:06,12,,,517,4,#F74902,0,8474161,Philadelphia Flyers,2534297,PHI,,00:38
2012020598,PHI,Jakub,Voracek,2,08:07,09:12,13,,,517,4,#F74902,0,8474161,Philadelphia Flyers,2534298,PHI,,01:05
2012020598,PHI,Jakub,Voracek,2,13:42,13:57,14,,,517,4,#F74902,0,8474161,Philadelphia Flyers,2534299,PHI,,00:15
2012020598,PHI,Jakub,Voracek,2,14:53,15:33,15,,,517,4,#F74902,0,8474161,Philadelphia Flyers,2534300,PHI,,00:40
2012020598,PHI,Jakub,Voracek,2,18:12,19:00,16,,,517,4,#F74902,0,8474161,Philadelphia Flyers,2534301,PHI,,00:48
2012020598,PHI,Jakub,Voracek,2,19:48,20:00,17,,,517,4,#F74902,0,8474161,Philadelphia Flyers,2534302,PHI,,00:12
2012020598,PHI,Jakub,Voracek,3,00:00,00:50,18,,,517,4,#F74902,0,8474161,Philadelphia Flyers,2534303,PHI,,00:50
2012020598,PHI,Jakub,Voracek,3,02:55,05:15,19,,,517,4,#F74902,0,8474161,Philadelphia Flyers,2534304,PHI,,02:20
2012020598,PHI,Jakub,Voracek,3,07:12,08:02,20,,,517,4,#F74902,0,8474161,Philadelphia Flyers,2534305,PHI,,00:50
2012020598,PHI,Jakub,Voracek,3,11:15,12:14,21,,,517,4,#F74902,0,8474161,Philadelphia Flyers,2534306,PHI,,00:59
2012020598,PHI,Jakub,Voracek,3,13:45,13:53,22,,,517,4,#F74902,0,8474161,Philadelphia Flyers,2534307,PHI,,00:08
2012020598,PHI,Jakub,Voracek,3,17:06,17:42,23,,,517,4,#F74902,0,8474161,Philadelphia Flyers,2534308,PHI,,00:36
2012020598,PHI,Jakub,Voracek,3,18:07,19:53,24,,,517,4,#F74902,0,8474161,Philadelphia Flyers,2534309,PHI,,01:46
2012020598,PHI,Wayne,Simmonds,1,00:00,00:53,1,,,517,4,#F74902,0,8474190,Philadelphia Flyers,2534310,PHI,,00:53
2012020598,PHI,Wayne,Simmonds,1,03:14,03:20,2,,,517,4,#F74902,0,8474190,Philadelphia Flyers,2534311,PHI,,00:06
2012020598,PHI,Wayne,Simmonds,1,08:14,08:56,3,,,517,4,#F74902,0,8474190,Philadelphia Flyers,2534312,PHI,,00:42
2012020598,PHI,Wayne,Simmonds,1,12:13,12:52,4,,,517,4,#F74902,0,8474190,Philadelphia Flyers,2534313,PHI,,00:39
2012020598,PHI,Wayne,Simmonds,1,14:53,15:34,5,,,517,4,#F74902,0,8474190,Philadelphia Flyers,2534314,PHI,,00:41
2012020598,PHI,Wayne,Simmonds,1,18:24,18:35,6,,,517,4,#F74902,0,8474190,Philadelphia Flyers,2534315,PHI,,00:11
2012020598,PHI,Wayne,Simmonds,2,00:00,00:57,7,,,517,4,#F74902,0,8474190,Philadelphia Flyers,2534316,PHI,,00:57
2012020598,PHI,Wayne,Simmonds,2,02:53,03:47,8,,,517,4,#F74902,0,8474190,Philadelphia Flyers,2534317,PHI,,00:54
2012020598,PHI,Wayne,Simmonds,2,10:15,11:14,9,,,517,4,#F74902,0,8474190,Philadelphia Flyers,2534318,PHI,,00:59
2012020598,PHI,Wayne,Simmonds,2,13:57,14:53,10,,,517,4,#F74902,0,8474190,Philadelphia Flyers,2534319,PHI,,00:56
2012020598,PHI,Wayne,Simmonds,2,19:00,20:00,11,,,517,4,#F74902,0,8474190,Philadelphia Flyers,2534320,PHI,,01:00
2012020598,PHI,Wayne,Simmonds,3,00:00,00:50,12,,,517,4,#F74902,0,8474190,Philadelphia Flyers,2534321,PHI,,00:50
2012020598,PHI,Wayne,Simmonds,3,03:19,04:53,13,,,517,4,#F74902,0,8474190,Philadelphia Flyers,2534322,PHI,,01:34
2012020598,PHI,Wayne,Simmonds,3,06:02,07:12,14,,,517,4,#F74902,0,8474190,Philadelphia Flyers,2534323,PHI,,01:10
2012020598,PHI,Wayne,Simmonds,3,08:02,08:22,15,,,517,4,#F74902,0,8474190,Philadelphia Flyers,2534324,PHI,,00:20
2012020598,PHI,Wayne,Simmonds,3,10:17,11:15,16,,,517,4,#F74902,0,8474190,Philadelphia Flyers,2534325,PHI,,00:58
2012020598,PHI,Wayne,Simmonds,3,12:58,13:45,17,,,517,4,#F74902,0,8474190,Philadelphia Flyers,2534326,PHI,,00:47
2012020598,PHI,Wayne,Simmonds,3,17:42,19:00,18,,,517,4,#F74902,0,8474190,Philadelphia Flyers,2534327,PHI,,01:18
2012020598,PHI,Wayne,Simmonds,3,19:30,19:53,19,,,517,4,#F74902,0,8474190,Philadelphia Flyers,2534328,PHI,,00:23
2012020598,OTT,Zack,Smith,1,03:20,03:20,0,EVG,Marc Methot,505,9,#CE1126,806,8474250,Ottawa Senators,5260170,OTT,57,
2012020598,OTT,Zack,Smith,1,00:00,00:58,1,,,517,9,#CE1126,0,8474250,Ottawa Senators,2534329,OTT,,00:58
2012020598,OTT,Zack,Smith,1,03:14,03:20,2,,,517,9,#CE1126,0,8474250,Ottawa Senators,2534330,OTT,,00:06
2012020598,OTT,Zack,Smith,1,06:39,07:14,3,,,517,9,#CE1126,0,8474250,Ottawa Senators,2534331,OTT,,00:35
2012020598,OTT,Zack,Smith,1,08:57,09:55,4,,,517,9,#CE1126,0,8474250,Ottawa Senators,2534332,OTT,,00:58
2012020598,OTT,Zack,Smith,1,12:52,13:13,5,,,517,9,#CE1126,0,8474250,Ottawa Senators,2534333,OTT,,00:21
2012020598,OTT,Zack,Smith,1,14:04,14:56,6,,,517,9,#CE1126,0,8474250,Ottawa Senators,2534334,OTT,,00:52
2012020598,OTT,Zack,Smith,1,18:35,19:31,7,,,517,9,#CE1126,0,8474250,Ottawa Senators,2534335,OTT,,00:56
2012020598,OTT,Zack,Smith,2,00:00,01:01,8,,,517,9,#CE1126,0,8474250,Ottawa Senators,2534336,OTT,,01:01
2012020598,OTT,Zack,Smith,2,02:41,02:53,9,,,517,9,#CE1126,0,8474250,Ottawa Senators,2534337,OTT,,00:12
2012020598,OTT,Zack,Smith,2,05:07,06:19,10,,,517,9,#CE1126,0,8474250,Ottawa Senators,2534338,OTT,,01:12
2012020598,OTT,Zack,Smith,2,09:10,10:03,11,,,517,9,#CE1126,0,8474250,Ottawa Senators,2534339,OTT,,00:53
2012020598,OTT,Zack,Smith,2,12:43,13:30,12,,,517,9,#CE1126,0,8474250,Ottawa Senators,2534340,OTT,,00:47
2012020598,OTT,Zack,Smith,2,15:33,15:49,13,,,517,9,#CE1126,0,8474250,Ottawa Senators,2534341,OTT,,00:16
2012020598,OTT,Zack,Smith,2,15:50,16:08,14,,,517,9,#CE1126,0,8474250,Ottawa Senators,2534342,OTT,,00:18
2012020598,OTT,Zack,Smith,3,00:24,00:50,15,,,517,9,#CE1126,0,8474250,Ottawa Senators,2534343,OTT,,00:26
2012020598,OTT,Zack,Smith,3,02:03,02:51,16,,,517,9,#CE1126,0,8474250,Ottawa Senators,2534344,OTT,,00:48
2012020598,OTT,Zack,Smith,3,05:15,06:12,17,,,517,9,#CE1126,0,8474250,Ottawa Senators,2534345,OTT,,00:57
2012020598,OTT,Zack,Smith,3,12:34,13:26,18,,,517,9,#CE1126,0,8474250,Ottawa Senators,2534346,OTT,,00:52
2012020598,OTT,Zack,Smith,3,14:54,16:04,19,,,517,9,#CE1126,0,8474250,Ottawa Senators,2534347,OTT,,01:10
2012020598,OTT,Zack,Smith,3,19:00,19:27,20,,,517,9,#CE1126,0,8474250,Ottawa Senators,2534348,OTT,,00:27
2012020598,PHI,Luke,Schenn,1,00:00,00:53,1,,,517,4,#F74902,0,8474568,Philadelphia Flyers,2534349,PHI,,00:53
2012020598,PHI,Luke,Schenn,1,02:18,03:14,2,,,517,4,#F74902,0,8474568,Philadelphia Flyers,2534350,PHI,,00:56
2012020598,PHI,Luke,Schenn,1,03:45,05:02,3,,,517,4,#F74902,0,8474568,Philadelphia Flyers,2534351,PHI,,01:17
2012020598,PHI,Luke,Schenn,1,05:57,06:42,4,,,517,4,#F74902,0,8474568,Philadelphia Flyers,2534352,PHI,,00:45
2012020598,PHI,Luke,Schenn,1,08:48,09:33,5,,,517,4,#F74902,0,8474568,Philadelphia Flyers,2534353,PHI,,00:45
2012020598,PHI,Luke,Schenn,1,10:22,11:35,6,,,517,4,#F74902,0,8474568,Philadelphia Flyers,2534354,PHI,,01:13
2012020598,PHI,Luke,Schenn,1,11:44,12:13,7,,,517,4,#F74902,0,8474568,Philadelphia Flyers,2534355,PHI,,00:29
2012020598,PHI,Luke,Schenn,1,12:52,14:03,8,,,517,4,#F74902,0,8474568,Philadelphia Flyers,2534356,PHI,,01:11
2012020598,PHI,Luke,Schenn,1,14:53,15:34,9,,,517,4,#F74902,0,8474568,Philadelphia Flyers,2534357,PHI,,00:41
2012020598,PHI,Luke,Schenn,1,16:51,17:38,10,,,517,4,#F74902,0,8474568,Philadelphia Flyers,2534358,PHI,,00:47
2012020598,PHI,Luke,Schenn,1,18:35,19:20,11,,,517,4,#F74902,0,8474568,Philadelphia Flyers,2534359,PHI,,00:45
2012020598,PHI,Luke,Schenn,2,00:00,00:36,12,,,517,4,#F74902,0,8474568,Philadelphia Flyers,2534360,PHI,,00:36
2012020598,PHI,Luke,Schenn,2,02:08,02:41,13,,,517,4,#F74902,0,8474568,Philadelphia Flyers,2534361,PHI,,00:33
2012020598,PHI,Luke,Schenn,2,02:41,02:53,14,,,517,4,#F74902,0,8474568,Philadelphia Flyers,2534362,PHI,,00:12
2012020598,PHI,Luke,Schenn,2,04:04,04:42,15,,,517,4,#F74902,0,8474568,Philadelphia Flyers,2534363,PHI,,00:38
2012020598,PHI,Luke,Schenn,2,06:28,07:06,16,,,517,4,#F74902,0,8474568,Philadelphia Flyers,2534364,PHI,,00:38
2012020598,PHI,Luke,Schenn,2,08:42,09:47,17,,,517,4,#F74902,0,8474568,Philadelphia Flyers,2534365,PHI,,01:05
2012020598,PHI,Luke,Schenn,2,12:43,13:50,18,,,517,4,#F74902,0,8474568,Philadelphia Flyers,2534366,PHI,,01:07
2012020598,PHI,Luke,Schenn,2,15:33,17:55,19,,,517,4,#F74902,0,8474568,Philadelphia Flyers,2534367,PHI,,02:22
2012020598,PHI,Luke,Schenn,2,18:55,19:45,20,,,517,4,#F74902,0,8474568,Philadelphia Flyers,2534368,PHI,,00:50
2012020598,PHI,Luke,Schenn,3,01:39,02:41,21,,,517,4,#F74902,0,8474568,Philadelphia Flyers,2534369,PHI,,01:02
2012020598,PHI,Luke,Schenn,3,05:15,06:20,22,,,517,4,#F74902,0,8474568,Philadelphia Flyers,2534370,PHI,,01:05
2012020598,PHI,Luke,Schenn,3,07:25,08:02,23,,,517,4,#F74902,0,8474568,Philadelphia Flyers,2534371,PHI,,00:37
2012020598,PHI,Luke,Schenn,3,08:22,09:54,24,,,517,4,#F74902,0,8474568,Philadelphia Flyers,2534372,PHI,,01:32
2012020598,PHI,Luke,Schenn,3,10:37,11:15,25,,,517,4,#F74902,0,8474568,Philadelphia Flyers,2534373,PHI,,00:38
2012020598,PHI,Luke,Schenn,3,12:34,13:28,26,,,517,4,#F74902,0,8474568,Philadelphia Flyers,2534374,PHI,,00:54
2012020598,PHI,Luke,Schenn,3,13:53,14:54,27,,,517,4,#F74902,0,8474568,Philadelphia Flyers,2534375,PHI,,01:01
2012020598,PHI,Luke,Schenn,3,16:04,16:43,28,,,517,4,#F74902,0,8474568,Philadelphia Flyers,2534376,PHI,,00:39
2012020598,PHI,Luke,Schenn,3,19:53,20:00,29,,,517,4,#F74902,0,8474568,Philadelphia Flyers,2534377,PHI,,00:07
2012020598,OTT,Patrick,Wiercioch,1,01:36,02:20,1,,,517,9,#CE1126,0,8474605,Ottawa Senators,2534378,OTT,,00:44
2012020598,OTT,Patrick,Wiercioch,1,03:45,04:21,2,,,517,9,#CE1126,0,8474605,Ottawa Senators,2534379,OTT,,00:36
2012020598,OTT,Patrick,Wiercioch,1,07:14,07:49,3,,,517,9,#CE1126,0,8474605,Ottawa Senators,2534380,OTT,,00:35
2012020598,OTT,Patrick,Wiercioch,1,08:57,09:55,4,,,517,9,#CE1126,0,8474605,Ottawa Senators,2534381,OTT,,00:58
2012020598,OTT,Patrick,Wiercioch,1,10:22,11:20,5,,,517,9,#CE1126,0,8474605,Ottawa Senators,2534382,OTT,,00:58
2012020598,OTT,Patrick,Wiercioch,1,13:55,14:45,6,,,517,9,#CE1126,0,8474605,Ottawa Senators,2534383,OTT,,00:50
2012020598,OTT,Patrick,Wiercioch,1,17:00,18:04,7,,,517,9,#CE1126,0,8474605,Ottawa Senators,2534384,OTT,,01:04
2012020598,OTT,Patrick,Wiercioch,2,02:08,02:41,8,,,517,9,#CE1126,0,8474605,Ottawa Senators,2534385,OTT,,00:33
2012020598,OTT,Patrick,Wiercioch,2,03:42,04:25,9,,,517,9,#CE1126,0,8474605,Ottawa Senators,2534386,OTT,,00:43
2012020598,OTT,Patrick,Wiercioch,2,09:10,10:03,10,,,517,9,#CE1126,0,8474605,Ottawa Senators,2534387,OTT,,00:53
2012020598,OTT,Patrick,Wiercioch,2,11:45,12:27,11,,,517,9,#CE1126,0,8474605,Ottawa Senators,2534388,OTT,,00:42
2012020598,OTT,Patrick,Wiercioch,2,12:48,13:53,12,,,517,9,#CE1126,0,8474605,Ottawa Senators,2534389,OTT,,01:05
2012020598,OTT,Patrick,Wiercioch,2,15:33,15:50,13,,,517,9,#CE1126,0,8474605,Ottawa Senators,2534390,OTT,,00:17
2012020598,OTT,Patrick,Wiercioch,2,16:08,17:56,14,,,517,9,#CE1126,0,8474605,Ottawa Senators,2534391,OTT,,01:48
2012020598,OTT,Patrick,Wiercioch,3,02:30,03:08,15,,,517,9,#CE1126,0,8474605,Ottawa Senators,2534392,OTT,,00:38
2012020598,OTT,Patrick,Wiercioch,3,06:04,07:09,16,,,517,9,#CE1126,0,8474605,Ottawa Senators,2534393,OTT,,01:05
2012020598,OTT,Patrick,Wiercioch,3,08:48,09:20,17,,,517,9,#CE1126,0,8474605,Ottawa Senators,2534394,OTT,,00:32
2012020598,OTT,Patrick,Wiercioch,3,13:53,14:24,18,,,517,9,#CE1126,0,8474605,Ottawa Senators,2534395,OTT,,00:31
2012020598,OTT,Patrick,Wiercioch,3,14:54,16:04,19,,,517,9,#CE1126,0,8474605,Ottawa Senators,2534396,OTT,,01:10
2012020598,OTT,Jakob,Silfverberg,1,01:36,02:25,1,,,517,9,#CE1126,0,8475164,Ottawa Senators,2534397,OTT,,00:49
2012020598,OTT,Jakob,Silfverberg,1,04:21,05:19,2,,,517,9,#CE1126,0,8475164,Ottawa Senators,2534398,OTT,,00:58
2012020598,OTT,Jakob,Silfverberg,1,07:14,07:49,3,,,517,9,#CE1126,0,8475164,Ottawa Senators,2534399,OTT,,00:35
2012020598,OTT,Jakob,Silfverberg,1,10:04,10:22,4,,,517,9,#CE1126,0,8475164,Ottawa Senators,2534400,OTT,,00:18
2012020598,OTT,Jakob,Silfverberg,1,11:35,12:17,5,,,517,9,#CE1126,0,8475164,Ottawa Senators,2534401,OTT,,00:42
2012020598,OTT,Jakob,Silfverberg,1,15:11,16:05,6,,,517,9,#CE1126,0,8475164,Ottawa Senators,2534402,OTT,,00:54
2012020598,OTT,Jakob,Silfverberg,1,18:06,18:35,7,,,517,9,#CE1126,0,8475164,Ottawa Senators,2534403,OTT,,00:29
2012020598,OTT,Jakob,Silfverberg,2,01:35,02:08,8,,,517,9,#CE1126,0,8475164,Ottawa Senators,2534404,OTT,,00:33
2012020598,OTT,Jakob,Silfverberg,2,02:53,03:34,9,,,517,9,#CE1126,0,8475164,Ottawa Senators,2534405,OTT,,00:41
2012020598,OTT,Jakob,Silfverberg,2,06:19,07:06,10,,,517,9,#CE1126,0,8475164,Ottawa Senators,2534406,OTT,,00:47
2012020598,OTT,Jakob,Silfverberg,2,10:03,10:15,11,,,517,9,#CE1126,0,8475164,Ottawa Senators,2534407,OTT,,00:12
2012020598,OTT,Jakob,Silfverberg,2,11:38,12:27,12,,,517,9,#CE1126,0,8475164,Ottawa Senators,2534408,OTT,,00:49
2012020598,OTT,Jakob,Silfverberg,2,14:53,15:33,13,,,517,9,#CE1126,0,8475164,Ottawa Senators,2534409,OTT,,00:40
2012020598,OTT,Jakob,Silfverberg,2,17:56,19:01,14,,,517,9,#CE1126,0,8475164,Ottawa Senators,2534410,OTT,,01:05
2012020598,OTT,Jakob,Silfverberg,3,00:00,00:24,15,,,517,9,#CE1126,0,8475164,Ottawa Senators,2534411,OTT,,00:24
2012020598,OTT,Jakob,Silfverberg,3,00:50,01:15,16,,,517,9,#CE1126,0,8475164,Ottawa Senators,2534412,OTT,,00:25
2012020598,OTT,Jakob,Silfverberg,3,02:51,03:19,17,,,517,9,#CE1126,0,8475164,Ottawa Senators,2534413,OTT,,00:28
2012020598,OTT,Jakob,Silfverberg,3,04:16,04:51,18,,,517,9,#CE1126,0,8475164,Ottawa Senators,2534414,OTT,,00:35
2012020598,OTT,Jakob,Silfverberg,3,06:22,07:25,19,,,517,9,#CE1126,0,8475164,Ottawa Senators,2534415,OTT,,01:03
2012020598,OTT,Jakob,Silfverberg,3,08:22,08:48,20,,,517,9,#CE1126,0,8475164,Ottawa Senators,2534416,OTT,,00:26
2012020598,OTT,Jakob,Silfverberg,3,10:16,11:18,21,,,517,9,#CE1126,0,8475164,Ottawa Senators,2534417,OTT,,01:02
2012020598,OTT,Jakob,Silfverberg,3,13:10,13:53,22,,,517,9,#CE1126,0,8475164,Ottawa Senators,2534418,OTT,,00:43
2012020598,OTT,Jakob,Silfverberg,3,14:24,14:54,23,,,517,9,#CE1126,0,8475164,Ottawa Senators,2534419,OTT,,00:30
2012020598,OTT,Jakob,Silfverberg,3,16:39,17:30,24,,,517,9,#CE1126,0,8475164,Ottawa Senators,2534420,OTT,,00:51
2012020598,OTT,Jakob,Silfverberg,3,19:53,20:00,25,,,517,9,#CE1126,0,8475164,Ottawa Senators,2534421,OTT,,00:07
2012020598,PHI,Brayden,Schenn,1,01:41,02:18,1,,,517,4,#F74902,0,8475170,Philadelphia Flyers,2534422,PHI,,00:37
2012020598,PHI,Brayden,Schenn,1,05:38,06:42,2,,,517,4,#F74902,0,8475170,Philadelphia Flyers,2534423,PHI,,01:04
2012020598,PHI,Brayden,Schenn,1,12:13,12:52,3,,,517,4,#F74902,0,8475170,Philadelphia Flyers,2534424,PHI,,00:39
2012020598,PHI,Brayden,Schenn,1,14:03,14:53,4,,,517,4,#F74902,0,8475170,Philadelphia Flyers,2534425,PHI,,00:50
2012020598,PHI,Brayden,Schenn,1,16:51,17:38,5,,,517,4,#F74902,0,8475170,Philadelphia Flyers,2534426,PHI,,00:47
2012020598,PHI,Brayden,Schenn,1,18:35,19:33,6,,,517,4,#F74902,0,8475170,Philadelphia Flyers,2534427,PHI,,00:58
2012020598,PHI,Brayden,Schenn,2,01:35,02:08,7,,,517,4,#F74902,0,8475170,Philadelphia Flyers,2534428,PHI,,00:33
2012020598,PHI,Brayden,Schenn,2,04:04,04:25,8,,,517,4,#F74902,0,8475170,Philadelphia Flyers,2534429,PHI,,00:21
2012020598,PHI,Brayden,Schenn,2,09:24,10:15,9,,,517,4,#F74902,0,8475170,Philadelphia Flyers,2534430,PHI,,00:51
2012020598,PHI,Brayden,Schenn,2,12:43,13:42,10,,,517,4,#F74902,0,8475170,Philadelphia Flyers,2534431,PHI,,00:59
2012020598,PHI,Brayden,Schenn,2,15:33,15:50,11,,,517,4,#F74902,0,8475170,Philadelphia Flyers,2534432,PHI,,00:17
2012020598,PHI,Brayden,Schenn,2,19:00,19:48,12,,,517,4,#F74902,0,8475170,Philadelphia Flyers,2534433,PHI,,00:48
2012020598,PHI,Brayden,Schenn,3,00:50,02:03,13,,,517,4,#F74902,0,8475170,Philadelphia Flyers,2534434,PHI,,01:13
2012020598,PHI,Brayden,Schenn,3,04:18,05:15,14,,,517,4,#F74902,0,8475170,Philadelphia Flyers,2534435,PHI,,00:57
2012020598,PHI,Brayden,Schenn,3,08:02,08:22,15,,,517,4,#F74902,0,8475170,Philadelphia Flyers,2534436,PHI,,00:20
2012020598,PHI,Brayden,Schenn,3,10:17,11:15,16,,,517,4,#F74902,0,8475170,Philadelphia Flyers,2534437,PHI,,00:58
2012020598,PHI,Brayden,Schenn,3,13:04,13:45,17,,,517,4,#F74902,0,8475170,Philadelphia Flyers,2534438,PHI,,00:41
2012020598,PHI,Brayden,Schenn,3,17:06,17:58,18,,,517,4,#F74902,0,8475170,Philadelphia Flyers,2534439,PHI,,00:52
2012020598,PHI,Brayden,Schenn,3,18:19,19:53,19,,,517,4,#F74902,0,8475170,Philadelphia Flyers,2534440,PHI,,01:34
2012020598,OTT,Robin,Lehner,1,00:00,20:00,1,,,517,9,#CE1126,0,8475215,Ottawa Senators,2534441,OTT,,20:00
2012020598,OTT,Robin,Lehner,2,00:00,20:00,2,,,517,9,#CE1126,0,8475215,Ottawa Senators,2534442,OTT,,20:00
2012020598,OTT,Robin,Lehner,3,00:00,20:00,3,,,517,9,#CE1126,0,8475215,Ottawa Senators,2534443,OTT,,20:00
2012020598,PHI,Oliver,Lauridsen,1,00:00,00:26,1,,,517,4,#F74902,0,8475342,Philadelphia Flyers,2534444,PHI,,00:26
2012020598,PHI,Oliver,Lauridsen,1,02:18,03:14,2,,,517,4,#F74902,0,8475342,Philadelphia Flyers,2534445,PHI,,00:56
2012020598,PHI,Oliver,Lauridsen,1,05:57,06:42,3,,,517,4,#F74902,0,8475342,Philadelphia Flyers,2534446,PHI,,00:45
2012020598,PHI,Oliver,Lauridsen,1,08:48,09:33,4,,,517,4,#F74902,0,8475342,Philadelphia Flyers,2534447,PHI,,00:45
2012020598,PHI,Oliver,Lauridsen,1,12:52,13:13,5,,,517,4,#F74902,0,8475342,Philadelphia Flyers,2534448,PHI,,00:21
2012020598,PHI,Oliver,Lauridsen,1,14:53,15:54,6,,,517,4,#F74902,0,8475342,Philadelphia Flyers,2534449,PHI,,01:01
2012020598,PHI,Oliver,Lauridsen,1,17:03,17:38,7,,,517,4,#F74902,0,8475342,Philadelphia Flyers,2534450,PHI,,00:35
2012020598,PHI,Oliver,Lauridsen,1,18:35,19:20,8,,,517,4,#F74902,0,8475342,Philadelphia Flyers,2534451,PHI,,00:45
2012020598,PHI,Oliver,Lauridsen,2,00:00,00:36,9,,,517,4,#F74902,0,8475342,Philadelphia Flyers,2534452,PHI,,00:36
2012020598,PHI,Oliver,Lauridsen,2,02:08,02:41,10,,,517,4,#F74902,0,8475342,Philadelphia Flyers,2534453,PHI,,00:33
2012020598,PHI,Oliver,Lauridsen,2,02:41,02:53,11,,,517,4,#F74902,0,8475342,Philadelphia Flyers,2534454,PHI,,00:12
2012020598,PHI,Oliver,Lauridsen,2,04:42,05:28,12,,,517,4,#F74902,0,8475342,Philadelphia Flyers,2534455,PHI,,00:46
2012020598,PHI,Oliver,Lauridsen,2,09:24,10:15,13,,,517,4,#F74902,0,8475342,Philadelphia Flyers,2534456,PHI,,00:51
2012020598,PHI,Oliver,Lauridsen,2,12:43,13:50,14,,,517,4,#F74902,0,8475342,Philadelphia Flyers,2534457,PHI,,01:07
2012020598,PHI,Oliver,Lauridsen,2,15:33,16:08,15,,,517,4,#F74902,0,8475342,Philadelphia Flyers,2534458,PHI,,00:35
2012020598,PHI,Oliver,Lauridsen,2,18:08,18:12,16,,,517,4,#F74902,0,8475342,Philadelphia Flyers,2534459,PHI,,00:04
2012020598,PHI,Oliver,Lauridsen,2,18:55,19:45,17,,,517,4,#F74902,0,8475342,Philadelphia Flyers,2534460,PHI,,00:50
2012020598,PHI,Oliver,Lauridsen,3,02:03,02:41,18,,,517,4,#F74902,0,8475342,Philadelphia Flyers,2534461,PHI,,00:38
2012020598,PHI,Oliver,Lauridsen,3,05:22,06:20,19,,,517,4,#F74902,0,8475342,Philadelphia Flyers,2534462,PHI,,00:58
2012020598,PHI,Oliver,Lauridsen,3,11:52,12:48,20,,,517,4,#F74902,0,8475342,Philadelphia Flyers,2534463,PHI,,00:56
2012020598,PHI,Erik,Gustafsson,1,01:41,02:18,1,,,517,4,#F74902,0,8475640,Philadelphia Flyers,2534464,PHI,,00:37
2012020598,PHI,Erik,Gustafsson,1,04:21,05:02,2,,,517,4,#F74902,0,8475640,Philadelphia Flyers,2534465,PHI,,00:41
2012020598,PHI,Erik,Gustafsson,1,06:42,07:25,3,,,517,4,#F74902,0,8475640,Philadelphia Flyers,2534466,PHI,,00:43
2012020598,PHI,Erik,Gustafsson,1,09:33,10:22,4,,,517,4,#F74902,0,8475640,Philadelphia Flyers,2534467,PHI,,00:49
2012020598,PHI,Erik,Gustafsson,1,11:35,11:44,5,,,517,4,#F74902,0,8475640,Philadelphia Flyers,2534468,PHI,,00:09
2012020598,PHI,Erik,Gustafsson,1,12:13,12:52,6,,,517,4,#F74902,0,8475640,Philadelphia Flyers,2534469,PHI,,00:39
2012020598,PHI,Erik,Gustafsson,1,14:03,14:53,7,,,517,4,#F74902,0,8475640,Philadelphia Flyers,2534470,PHI,,00:50
2012020598,PHI,Erik,Gustafsson,1,16:31,16:51,8,,,517,4,#F74902,0,8475640,Philadelphia Flyers,2534471,PHI,,00:20
2012020598,PHI,Erik,Gustafsson,1,18:20,18:35,9,,,517,4,#F74902,0,8475640,Philadelphia Flyers,2534472,PHI,,00:15
2012020598,PHI,Erik,Gustafsson,2,00:36,01:35,10,,,517,4,#F74902,0,8475640,Philadelphia Flyers,2534473,PHI,,00:59
2012020598,PHI,Erik,Gustafsson,2,02:53,04:04,11,,,517,4,#F74902,0,8475640,Philadelphia Flyers,2534474,PHI,,01:11
2012020598,PHI,Erik,Gustafsson,2,05:28,06:28,12,,,517,4,#F74902,0,8475640,Philadelphia Flyers,2534475,PHI,,01:00
2012020598,PHI,Erik,Gustafsson,2,07:06,08:07,13,,,517,4,#F74902,0,8475640,Philadelphia Flyers,2534476,PHI,,01:01
2012020598,PHI,Erik,Gustafsson,2,09:47,11:14,14,,,517,4,#F74902,0,8475640,Philadelphia Flyers,2534477,PHI,,01:27
2012020598,PHI,Erik,Gustafsson,2,13:50,14:53,15,,,517,4,#F74902,0,8475640,Philadelphia Flyers,2534478,PHI,,01:03
2012020598,PHI,Erik,Gustafsson,2,17:55,18:55,16,,,517,4,#F74902,0,8475640,Philadelphia Flyers,2534479,PHI,,01:00
2012020598,PHI,Erik,Gustafsson,3,00:50,01:39,17,,,517,4,#F74902,0,8475640,Philadelphia Flyers,2534480,PHI,,00:49
2012020598,PHI,Erik,Gustafsson,3,04:53,05:22,18,,,517,4,#F74902,0,8475640,Philadelphia Flyers,2534481,PHI,,00:29
2012020598,PHI,Erik,Gustafsson,3,07:25,08:02,19,,,517,4,#F74902,0,8475640,Philadelphia Flyers,2534482,PHI,,00:37
2012020598,PHI,Erik,Gustafsson,3,08:22,09:20,20,,,517,4,#F74902,0,8475640,Philadelphia Flyers,2534483,PHI,,00:58
2012020598,PHI,Erik,Gustafsson,3,09:54,10:37,21,,,517,4,#F74902,0,8475640,Philadelphia Flyers,2534484,PHI,,00:43
2012020598,PHI,Erik,Gustafsson,3,11:15,11:52,22,,,517,4,#F74902,0,8475640,Philadelphia Flyers,2534485,PHI,,00:37
2012020598,PHI,Erik,Gustafsson,3,13:28,13:53,23,,,517,4,#F74902,0,8475640,Philadelphia Flyers,2534486,PHI,,00:25
2012020598,PHI,Erik,Gustafsson,3,14:54,16:04,24,,,517,4,#F74902,0,8475640,Philadelphia Flyers,2534487,PHI,,01:10
2012020598,PHI,Erik,Gustafsson,3,16:43,17:48,25,,,517,4,#F74902,0,8475640,Philadelphia Flyers,2534488,PHI,,01:05
2012020598,PHI,Erik,Gustafsson,3,19:15,19:43,26,,,517,4,#F74902,0,8475640,Philadelphia Flyers,2534489,PHI,,00:28
2012020598,PHI,Erik,Gustafsson,3,19:53,20:00,27,,,517,4,#F74902,0,8475640,Philadelphia Flyers,2534490,PHI,,00:07
2012020598,PHI,Matt,Read,1,02:18,03:14,1,,,517,4,#F74902,0,8476177,Philadelphia Flyers,2534491,PHI,,00:56
2012020598,PHI,Matt,Read,1,04:33,05:02,2,,,517,4,#F74902,0,8476177,Philadelphia Flyers,2534492,PHI,,00:29
2012020598,PHI,Matt,Read,1,08:14,09:33,3,,,517,4,#F74902,0,8476177,Philadelphia Flyers,2534493,PHI,,01:19
2012020598,PHI,Matt,Read,1,10:55,11:35,4,,,517,4,#F74902,0,8476177,Philadelphia Flyers,2534494,PHI,,00:40
2012020598,PHI,Matt,Read,1,14:53,16:03,5,,,517,4,#F74902,0,8476177,Philadelphia Flyers,2534495,PHI,,01:10
2012020598,PHI,Matt,Read,1,18:24,18:35,6,,,517,4,#F74902,0,8476177,Philadelphia Flyers,2534496,PHI,,00:11
2012020598,PHI,Matt,Read,2,00:00,01:03,7,,,517,4,#F74902,0,8476177,Philadelphia Flyers,2534497,PHI,,01:03
2012020598,PHI,Matt,Read,2,02:53,04:04,8,,,517,4,#F74902,0,8476177,Philadelphia Flyers,2534498,PHI,,01:11
2012020598,PHI,Matt,Read,2,09:58,11:39,9,,,517,4,#F74902,0,8476177,Philadelphia Flyers,2534499,PHI,,01:41
2012020598,PHI,Matt,Read,2,13:57,14:53,10,,,517,4,#F74902,0,8476177,Philadelphia Flyers,2534500,PHI,,00:56
2012020598,PHI,Matt,Read,2,16:36,17:55,11,,,517,4,#F74902,0,8476177,Philadelphia Flyers,2534501,PHI,,01:19
2012020598,PHI,Matt,Read,3,00:50,02:03,12,,,517,4,#F74902,0,8476177,Philadelphia Flyers,2534502,PHI,,01:13
2012020598,PHI,Matt,Read,3,06:20,07:25,13,,,517,4,#F74902,0,8476177,Philadelphia Flyers,2534503,PHI,,01:05
2012020598,PHI,Matt,Read,3,08:48,08:57,14,,,517,4,#F74902,0,8476177,Philadelphia Flyers,2534504,PHI,,00:09
2012020598,PHI,Matt,Read,3,12:14,13:11,15,,,517,4,#F74902,0,8476177,Philadelphia Flyers,2534505,PHI,,00:57
2012020598,PHI,Matt,Read,3,14:18,14:54,16,,,517,4,#F74902,0,8476177,Philadelphia Flyers,2534506,PHI,,00:36
2012020598,PHI,Matt,Read,3,16:04,17:06,17,,,517,4,#F74902,0,8476177,Philadelphia Flyers,2534507,PHI,,01:02
2012020598,OTT,Cory,Conacher,1,01:36,02:25,1,,,517,9,#CE1126,0,8476195,Ottawa Senators,2534508,OTT,,00:49
2012020598,OTT,Cory,Conacher,1,04:21,05:07,2,,,517,9,#CE1126,0,8476195,Ottawa Senators,2534509,OTT,,00:46
2012020598,OTT,Cory,Conacher,1,07:14,07:49,3,,,517,9,#CE1126,0,8476195,Ottawa Senators,2534510,OTT,,00:35
2012020598,OTT,Cory,Conacher,1,09:55,10:22,4,,,517,9,#CE1126,0,8476195,Ottawa Senators,2534511,OTT,,00:27
2012020598,OTT,Cory,Conacher,1,11:35,12:17,5,,,517,9,#CE1126,0,8476195,Ottawa Senators,2534512,OTT,,00:42
2012020598,OTT,Cory,Conacher,1,14:56,15:54,6,,,517,9,#CE1126,0,8476195,Ottawa Senators,2534513,OTT,,00:58
2012020598,OTT,Cory,Conacher,1,18:06,18:35,7,,,517,9,#CE1126,0,8476195,Ottawa Senators,2534514,OTT,,00:29
2012020598,OTT,Cory,Conacher,2,01:35,02:08,8,,,517,9,#CE1126,0,8476195,Ottawa Senators,2534515,OTT,,00:33
2012020598,OTT,Cory,Conacher,2,02:53,03:42,9,,,517,9,#CE1126,0,8476195,Ottawa Senators,2534516,OTT,,00:49
2012020598,OTT,Cory,Conacher,2,06:19,07:01,10,,,517,9,#CE1126,0,8476195,Ottawa Senators,2534517,OTT,,00:42
2012020598,OTT,Cory,Conacher,2,10:03,10:15,11,,,517,9,#CE1126,0,8476195,Ottawa Senators,2534518,OTT,,00:12
2012020598,OTT,Cory,Conacher,2,11:38,12:27,12,,,517,9,#CE1126,0,8476195,Ottawa Senators,2534519,OTT,,00:49
2012020598,OTT,Cory,Conacher,2,14:45,15:33,13,,,517,9,#CE1126,0,8476195,Ottawa Senators,2534520,OTT,,00:48
2012020598,OTT,Cory,Conacher,2,17:56,19:01,14,,,517,9,#CE1126,0,8476195,Ottawa Senators,2534521,OTT,,01:05
2012020598,OTT,Cory,Conacher,3,02:51,03:19,15,,,517,9,#CE1126,0,8476195,Ottawa Senators,2534522,OTT,,00:28
2012020598,OTT,Cory,Conacher,3,05:19,05:22,16,,,517,9,#CE1126,0,8476195,Ottawa Senators,2534523,OTT,,00:03
2012020598,OTT,Cory,Conacher,3,06:22,07:09,17,,,517,9,#CE1126,0,8476195,Ottawa Senators,2534524,OTT,,00:47
2012020598,OTT,Cory,Conacher,3,08:22,08:48,18,,,517,9,#CE1126,0,8476195,Ottawa Senators,2534525,OTT,,00:26
2012020598,OTT,Cory,Conacher,3,10:16,10:26,19,,,517,9,#CE1126,0,8476195,Ottawa Senators,2534526,OTT,,00:10
2012020598,OTT,Cory,Conacher,3,13:26,13:53,20,,,517,9,#CE1126,0,8476195,Ottawa Senators,2534527,OTT,,00:27
2012020598,OTT,Cory,Conacher,3,14:54,16:04,21,,,517,9,#CE1126,0,8476195,Ottawa Senators,2534528,OTT,,01:10
2012020598,OTT,Cory,Conacher,3,16:58,17:40,22,,,517,9,#CE1126,0,8476195,Ottawa Senators,2534529,OTT,,00:42
2012020598,OTT,Cory,Conacher,3,19:53,20:00,23,,,517,9,#CE1126,0,8476195,Ottawa Senators,2534530,OTT,,00:07
2012020598,OTT,Jean-Gabriel,Pageau,1,02:25,03:14,1,,,517,9,#CE1126,0,8476419,Ottawa Senators,2534531,OTT,,00:49
2012020598,OTT,Jean-Gabriel,Pageau,1,05:57,06:39,2,,,517,9,#CE1126,0,8476419,Ottawa Senators,2534532,OTT,,00:42
2012020598,OTT,Jean-Gabriel,Pageau,1,08:14,08:57,3,,,517,9,#CE1126,0,8476419,Ottawa Senators,2534533,OTT,,00:43
2012020598,OTT,Jean-Gabriel,Pageau,1,12:17,12:52,4,,,517,9,#CE1126,0,8476419,Ottawa Senators,2534534,OTT,,00:35
2012020598,OTT,Jean-Gabriel,Pageau,1,16:05,16:50,5,,,517,9,#CE1126,0,8476419,Ottawa Senators,2534535,OTT,,00:45
2012020598,OTT,Jean-Gabriel,Pageau,2,02:08,02:41,6,,,517,9,#CE1126,0,8476419,Ottawa Senators,2534536,OTT,,00:33
2012020598,OTT,Jean-Gabriel,Pageau,2,04:25,05:07,7,,,517,9,#CE1126,0,8476419,Ottawa Senators,2534537,OTT,,00:42
2012020598,OTT,Jean-Gabriel,Pageau,2,07:58,09:10,8,,,517,9,#CE1126,0,8476419,Ottawa Senators,2534538,OTT,,01:12
2012020598,OTT,Jean-Gabriel,Pageau,2,12:27,12:43,9,,,517,9,#CE1126,0,8476419,Ottawa Senators,2534539,OTT,,00:16
2012020598,OTT,Jean-Gabriel,Pageau,2,13:30,13:57,10,,,517,9,#CE1126,0,8476419,Ottawa Senators,2534540,OTT,,00:27
2012020598,OTT,Jean-Gabriel,Pageau,2,15:33,15:50,11,,,517,9,#CE1126,0,8476419,Ottawa Senators,2534541,OTT,,00:17
2012020598,OTT,Jean-Gabriel,Pageau,2,19:01,19:48,12,,,517,9,#CE1126,0,8476419,Ottawa Senators,2534542,OTT,,00:47
2012020598,OTT,Jean-Gabriel,Pageau,3,03:38,04:16,13,,,517,9,#CE1126,0,8476419,Ottawa Senators,2534543,OTT,,00:38
2012020598,OTT,Jean-Gabriel,Pageau,3,07:09,07:25,14,,,517,9,#CE1126,0,8476419,Ottawa Senators,2534544,OTT,,00:16
2012020598,OTT,Jean-Gabriel,Pageau,3,08:02,08:22,15,,,517,9,#CE1126,0,8476419,Ottawa Senators,2534545,OTT,,00:20
2012020598,OTT,Jean-Gabriel,Pageau,3,11:14,11:55,16,,,517,9,#CE1126,0,8476419,Ottawa Senators,2534546,OTT,,00:41
2012020598,OTT,Jean-Gabriel,Pageau,3,17:30,18:54,17,,,517,9,#CE1126,0,8476419,Ottawa Senators,2534547,OTT,,01:24
2012020598,OTT,Jean-Gabriel,Pageau,3,19:43,19:53,18,,,517,9,#CE1126,0,8476419,Ottawa Senators,2534548,OTT,,00:10
2012020598,OTT,Mika,Zibanejad,1,01:36,02:25,1,,,517,9,#CE1126,0,8476459,Ottawa Senators,2534549,OTT,,00:49
2012020598,OTT,Mika,Zibanejad,1,04:21,05:19,2,,,517,9,#CE1126,0,8476459,Ottawa Senators,2534550,OTT,,00:58
2012020598,OTT,Mika,Zibanejad,1,07:14,07:49,3,,,517,9,#CE1126,0,8476459,Ottawa Senators,2534551,OTT,,00:35
2012020598,OTT,Mika,Zibanejad,1,09:55,10:22,4,,,517,9,#CE1126,0,8476459,Ottawa Senators,2534552,OTT,,00:27
2012020598,OTT,Mika,Zibanejad,1,11:35,12:17,5,,,517,9,#CE1126,0,8476459,Ottawa Senators,2534553,OTT,,00:42
2012020598,OTT,Mika,Zibanejad,1,14:56,16:05,6,,,517,9,#CE1126,0,8476459,Ottawa Senators,2534554,OTT,,01:09
2012020598,OTT,Mika,Zibanejad,1,18:06,18:35,7,,,517,9,#CE1126,0,8476459,Ottawa Senators,2534555,OTT,,00:29
2012020598,OTT,Mika,Zibanejad,2,01:35,02:08,8,,,517,9,#CE1126,0,8476459,Ottawa Senators,2534556,OTT,,00:33
2012020598,OTT,Mika,Zibanejad,2,02:53,03:42,9,,,517,9,#CE1126,0,8476459,Ottawa Senators,2534557,OTT,,00:49
2012020598,OTT,Mika,Zibanejad,2,06:19,07:01,10,,,517,9,#CE1126,0,8476459,Ottawa Senators,2534558,OTT,,00:42
2012020598,OTT,Mika,Zibanejad,2,10:03,10:15,11,,,517,9,#CE1126,0,8476459,Ottawa Senators,2534559,OTT,,00:12
2012020598,OTT,Mika,Zibanejad,2,11:38,12:27,12,,,517,9,#CE1126,0,8476459,Ottawa Senators,2534560,OTT,,00:49
2012020598,OTT,Mika,Zibanejad,2,14:36,15:33,13,,,517,9,#CE1126,0,8476459,Ottawa Senators,2534561,OTT,,00:57
2012020598,OTT,Mika,Zibanejad,2,17:56,19:01,14,,,517,9,#CE1126,0,8476459,Ottawa Senators,2534562,OTT,,01:05
2012020598,OTT,Mika,Zibanejad,3,02:51,03:19,15,,,517,9,#CE1126,0,8476459,Ottawa Senators,2534563,OTT,,00:28
2012020598,OTT,Mika,Zibanejad,3,06:12,07:09,16,,,517,9,#CE1126,0,8476459,Ottawa Senators,2534564,OTT,,00:57
2012020598,OTT,Mika,Zibanejad,3,08:22,08:48,17,,,517,9,#CE1126,0,8476459,Ottawa Senators,2534565,OTT,,00:26
2012020598,OTT,Mika,Zibanejad,3,10:16,11:14,18,,,517,9,#CE1126,0,8476459,Ottawa Senators,2534566,OTT,,00:58
2012020598,OTT,Mika,Zibanejad,3,13:26,13:53,19,,,517,9,#CE1126,0,8476459,Ottawa Senators,2534567,OTT,,00:27
2012020598,OTT,Mika,Zibanejad,3,14:24,14:54,20,,,517,9,#CE1126,0,8476459,Ottawa Senators,2534568,OTT,,00:30
2012020598,OTT,Mika,Zibanejad,3,16:58,17:30,21,,,517,9,#CE1126,0,8476459,Ottawa Senators,2534569,OTT,,00:32
2012020598,OTT,Mika,Zibanejad,3,19:27,19:43,22,,,517,9,#CE1126,0,8476459,Ottawa Senators,2534570,OTT,,00:16
2012020598,OTT,Mika,Zibanejad,3,19:53,20:00,23,,,517,9,#CE1126,0,8476459,Ottawa Senators,2534571,OTT,,00:07
2012020598,PHI,Sean,Couturier,1,02:18,03:14,1,,,517,4,#F74902,0,8476461,Philadelphia Flyers,2534572,PHI,,00:56
2012020598,PHI,Sean,Couturier,1,04:21,05:02,2,,,517,4,#F74902,0,8476461,Philadelphia Flyers,2534573,PHI,,00:41
2012020598,PHI,Sean,Couturier,1,08:14,09:16,3,,,517,4,#F74902,0,8476461,Philadelphia Flyers,2534574,PHI,,01:02
2012020598,PHI,Sean,Couturier,1,10:55,11:35,4,,,517,4,#F74902,0,8476461,Philadelphia Flyers,2534575,PHI,,00:40
2012020598,PHI,Sean,Couturier,1,13:13,14:03,5,,,517,4,#F74902,0,8476461,Philadelphia Flyers,2534576,PHI,,00:50
2012020598,PHI,Sean,Couturier,1,14:53,15:34,6,,,517,4,#F74902,0,8476461,Philadelphia Flyers,2534577,PHI,,00:41
2012020598,PHI,Sean,Couturier,1,18:24,18:35,7,,,517,4,#F74902,0,8476461,Philadelphia Flyers,2534578,PHI,,00:11
2012020598,PHI,Sean,Couturier,2,00:00,01:08,8,,,517,4,#F74902,0,8476461,Philadelphia Flyers,2534579,PHI,,01:08
2012020598,PHI,Sean,Couturier,2,02:53,04:04,9,,,517,4,#F74902,0,8476461,Philadelphia Flyers,2534580,PHI,,01:11
2012020598,PHI,Sean,Couturier,2,10:15,11:28,10,,,517,4,#F74902,0,8476461,Philadelphia Flyers,2534581,PHI,,01:13
2012020598,PHI,Sean,Couturier,2,13:57,14:53,11,,,517,4,#F74902,0,8476461,Philadelphia Flyers,2534582,PHI,,00:56
2012020598,PHI,Sean,Couturier,2,16:36,17:55,12,,,517,4,#F74902,0,8476461,Philadelphia Flyers,2534583,PHI,,01:19
2012020598,PHI,Sean,Couturier,3,02:03,02:55,13,,,517,4,#F74902,0,8476461,Philadelphia Flyers,2534584,PHI,,00:52
2012020598,PHI,Sean,Couturier,3,05:15,05:22,14,,,517,4,#F74902,0,8476461,Philadelphia Flyers,2534585,PHI,,00:07
2012020598,PHI,Sean,Couturier,3,06:02,07:12,15,,,517,4,#F74902,0,8476461,Philadelphia Flyers,2534586,PHI,,01:10
2012020598,PHI,Sean,Couturier,3,08:48,09:20,16,,,517,4,#F74902,0,8476461,Philadelphia Flyers,2534587,PHI,,00:32
2012020598,PHI,Sean,Couturier,3,12:14,13:04,17,,,517,4,#F74902,0,8476461,Philadelphia Flyers,2534588,PHI,,00:50
2012020598,PHI,Sean,Couturier,3,14:18,14:54,18,,,517,4,#F74902,0,8476461,Philadelphia Flyers,2534589,PHI,,00:36
2012020598,PHI,Sean,Couturier,3,15:17,16:04,19,,,517,4,#F74902,0,8476461,Philadelphia Flyers,2534590,PHI,,00:47
2012020598,PHI,Sean,Couturier,3,19:53,20:00,20,,,517,4,#F74902,0,8476461,Philadelphia Flyers,2534591,PHI,,00:07
