gameId,teamAbbrev,firstName,lastName,period,startTime,endTime,shiftNumber,eventDescription,eventDetails,typeCode,teamId,hexValue,detailCode,playerId,teamName,id,teamAbbrev,eventNumber,duration
2012030321,CHI,Michal,Handzus,1,00:37,01:21,1,,,517,16,#111111,0,8462129,Chicago Blackhawks,2692417,CHI,,00:44
2012030321,CHI,Michal,Handzus,1,04:04,04:42,2,,,517,16,#111111,0,8462129,Chicago Blackhawks,2692418,CHI,,00:38
2012030321,CHI,Michal,Handzus,1,06:44,07:26,3,,,517,16,#111111,0,8462129,Chicago Blackhawks,2692419,CHI,,00:42
2012030321,CHI,Michal,Handzus,1,11:29,11:49,4,,,517,16,#111111,0,8462129,Chicago Blackhawks,2692420,CHI,,00:20
2012030321,CHI,Michal,Handzus,1,15:05,15:41,5,,,517,16,#111111,0,8462129,Chicago Blackhawks,2692421,CHI,,00:36
2012030321,CHI,Michal,Handzus,1,17:19,18:07,6,,,517,16,#111111,0,8462129,Chicago Blackhawks,2692422,CHI,,00:48
2012030321,CHI,Michal,Handzus,2,00:48,01:38,7,,,517,16,#111111,0,8462129,Chicago Blackhawks,2692423,CHI,,00:50
2012030321,CHI,Michal,Handzus,2,03:10,03:39,8,,,517,16,#111111,0,8462129,Chicago Blackhawks,2692424,CHI,,00:29
2012030321,CHI,Michal,Handzus,2,06:24,07:14,9,,,517,16,#111111,0,8462129,Chicago Blackhawks,2692425,CHI,,00:50
2012030321,CHI,Michal,Handzus,2,08:54,09:43,10,,,517,16,#111111,0,8462129,Chicago Blackhawks,2692426,CHI,,00:49
2012030321,CHI,Michal,Handzus,2,12:08,12:47,11,,,517,16,#111111,0,8462129,Chicago Blackhawks,2692427,CHI,,00:39
2012030321,CHI,Michal,Handzus,2,16:22,17:03,12,,,517,16,#111111,0,8462129,Chicago Blackhawks,2692428,CHI,,00:41
2012030321,CHI,Michal,Handzus,2,18:59,19:45,13,,,517,16,#111111,0,8462129,Chicago Blackhawks,2692429,CHI,,00:46
2012030321,CHI,Michal,Handzus,3,00:40,01:37,14,,,517,16,#111111,0,8462129,Chicago Blackhawks,2692430,CHI,,00:57
2012030321,CHI,Michal,Handzus,3,03:22,03:58,15,,,517,16,#111111,0,8462129,Chicago Blackhawks,2692431,CHI,,00:36
2012030321,CHI,Michal,Handzus,3,05:55,06:45,16,,,517,16,#111111,0,8462129,Chicago Blackhawks,2692432,CHI,,00:50
2012030321,CHI,Michal,Handzus,3,09:03,09:51,17,,,517,16,#111111,0,8462129,Chicago Blackhawks,2692433,CHI,,00:48
2012030321,CHI,Michal,Handzus,3,10:24,11:05,18,,,517,16,#111111,0,8462129,Chicago Blackhawks,2692434,CHI,,00:41
2012030321,CHI,Michal,Handzus,3,13:26,14:09,19,,,517,16,#111111,0,8462129,Chicago Blackhawks,2692435,CHI,,00:43
2012030321,CHI,Michal,Handzus,3,16:12,16:52,20,,,517,16,#111111,0,8462129,Chicago Blackhawks,2692436,CHI,,00:40
2012030321,CHI,Michal,Handzus,3,19:12,20:00,21,,,517,16,#111111,0,8462129,Chicago Blackhawks,2692437,CHI,,00:48
2012030321,CHI,Michal,Rozsival,1,01:21,02:18,1,,,517,16,#111111,0,8465058,Chicago Blackhawks,2692438,CHI,,00:57
2012030321,CHI,Michal,Rozsival,1,04:47,05:35,2,,,517,16,#111111,0,8465058,Chicago Blackhawks,2692439,CHI,,00:48
2012030321,CHI,Michal,Rozsival,1,08:10,08:21,3,,,517,16,#111111,0,8465058,Chicago Blackhawks,2692440,CHI,,00:11
2012030321,CHI,Michal,Rozsival,1,09:59,10:34,4,,,517,16,#111111,0,8465058,Chicago Blackhawks,2692441,CHI,,00:35
2012030321,CHI,Michal,Rozsival,1,14:13,14:23,5,,,517,16,#111111,0,8465058,Chicago Blackhawks,2692442,CHI,,00:10
2012030321,CHI,Michal,Rozsival,1,15:05,15:44,6,,,517,16,#111111,0,8465058,Chicago Blackhawks,2692443,CHI,,00:39
2012030321,CHI,Michal,Rozsival,1,17:58,18:56,7,,,517,16,#111111,0,8465058,Chicago Blackhawks,2692444,CHI,,00:58
2012030321,CHI,Michal,Rozsival,2,01:06,01:46,8,,,517,16,#111111,0,8465058,Chicago Blackhawks,2692445,CHI,,00:40
2012030321,CHI,Michal,Rozsival,2,02:48,03:39,9,,,517,16,#111111,0,8465058,Chicago Blackhawks,2692446,CHI,,00:51
2012030321,CHI,Michal,Rozsival,2,04:29,05:25,10,,,517,16,#111111,0,8465058,Chicago Blackhawks,2692447,CHI,,00:56
2012030321,CHI,Michal,Rozsival,2,07:45,08:54,11,,,517,16,#111111,0,8465058,Chicago Blackhawks,2692448,CHI,,01:09
2012030321,CHI,Michal,Rozsival,2,11:39,12:27,12,,,517,16,#111111,0,8465058,Chicago Blackhawks,2692449,CHI,,00:48
2012030321,CHI,Michal,Rozsival,2,16:22,17:03,13,,,517,16,#111111,0,8465058,Chicago Blackhawks,2692450,CHI,,00:41
2012030321,CHI,Michal,Rozsival,3,00:40,01:37,14,,,517,16,#111111,0,8465058,Chicago Blackhawks,2692451,CHI,,00:57
2012030321,CHI,Michal,Rozsival,3,04:07,04:43,15,,,517,16,#111111,0,8465058,Chicago Blackhawks,2692452,CHI,,00:36
2012030321,CHI,Michal,Rozsival,3,06:22,07:19,16,,,517,16,#111111,0,8465058,Chicago Blackhawks,2692453,CHI,,00:57
2012030321,CHI,Michal,Rozsival,3,09:14,10:23,17,,,517,16,#111111,0,8465058,Chicago Blackhawks,2692454,CHI,,01:09
2012030321,CHI,Michal,Rozsival,3,11:34,12:02,18,,,517,16,#111111,0,8465058,Chicago Blackhawks,2692455,CHI,,00:28
2012030321,CHI,Michal,Rozsival,3,13:36,14:09,19,,,517,16,#111111,0,8465058,Chicago Blackhawks,2692456,CHI,,00:33
2012030321,CHI,Marian,Hossa,1,00:00,00:40,1,,,517,16,#111111,0,8466148,Chicago Blackhawks,2692457,CHI,,00:40
2012030321,CHI,Marian,Hossa,1,02:49,04:04,2,,,517,16,#111111,0,8466148,Chicago Blackhawks,2692458,CHI,,01:15
2012030321,CHI,Marian,Hossa,1,05:59,06:52,3,,,517,16,#111111,0,8466148,Chicago Blackhawks,2692459,CHI,,00:53
2012030321,CHI,Marian,Hossa,1,08:21,08:37,4,,,517,16,#111111,0,8466148,Chicago Blackhawks,2692460,CHI,,00:16
2012030321,CHI,Marian,Hossa,1,09:24,09:59,5,,,517,16,#111111,0,8466148,Chicago Blackhawks,2692461,CHI,,00:35
2012030321,CHI,Marian,Hossa,1,10:55,11:29,6,,,517,16,#111111,0,8466148,Chicago Blackhawks,2692462,CHI,,00:34
2012030321,CHI,Marian,Hossa,1,11:49,12:44,7,,,517,16,#111111,0,8466148,Chicago Blackhawks,2692463,CHI,,00:55
2012030321,CHI,Marian,Hossa,1,14:23,15:05,8,,,517,16,#111111,0,8466148,Chicago Blackhawks,2692464,CHI,,00:42
2012030321,CHI,Marian,Hossa,1,16:28,17:14,9,,,517,16,#111111,0,8466148,Chicago Blackhawks,2692465,CHI,,00:46
2012030321,CHI,Marian,Hossa,1,19:50,20:00,10,,,517,16,#111111,0,8466148,Chicago Blackhawks,2692466,CHI,,00:10
2012030321,CHI,Marian,Hossa,2,16:22,16:22,0,EVG,"Duncan Keith, Bryan Bickell",505,16,#111111,807,8466148,Chicago Blackhawks,5278753,CHI,575,
2012030321,CHI,Marian,Hossa,2,00:00,00:48,11,,,517,16,#111111,0,8466148,Chicago Blackhawks,2692467,CHI,,00:48
2012030321,CHI,Marian,Hossa,2,01:54,02:29,12,,,517,16,#111111,0,8466148,Chicago Blackhawks,2692468,CHI,,00:35
2012030321,CHI,Marian,Hossa,2,03:39,04:29,13,,,517,16,#111111,0,8466148,Chicago Blackhawks,2692469,CHI,,00:50
2012030321,CHI,Marian,Hossa,2,07:14,07:54,14,,,517,16,#111111,0,8466148,Chicago Blackhawks,2692470,CHI,,00:40
2012030321,CHI,Marian,Hossa,2,10:31,11:39,15,,,517,16,#111111,0,8466148,Chicago Blackhawks,2692471,CHI,,01:08
2012030321,CHI,Marian,Hossa,2,12:47,13:38,16,,,517,16,#111111,0,8466148,Chicago Blackhawks,2692472,CHI,,00:51
2012030321,CHI,Marian,Hossa,2,15:54,16:22,17,,,517,16,#111111,0,8466148,Chicago Blackhawks,2692473,CHI,,00:28
2012030321,CHI,Marian,Hossa,2,18:03,19:10,18,,,517,16,#111111,0,8466148,Chicago Blackhawks,2692474,CHI,,01:07
2012030321,CHI,Marian,Hossa,3,00:00,00:40,19,,,517,16,#111111,0,8466148,Chicago Blackhawks,2692475,CHI,,00:40
2012030321,CHI,Marian,Hossa,3,02:38,03:22,20,,,517,16,#111111,0,8466148,Chicago Blackhawks,2692476,CHI,,00:44
2012030321,CHI,Marian,Hossa,3,05:43,06:22,21,,,517,16,#111111,0,8466148,Chicago Blackhawks,2692477,CHI,,00:39
2012030321,CHI,Marian,Hossa,3,08:13,08:35,22,,,517,16,#111111,0,8466148,Chicago Blackhawks,2692478,CHI,,00:22
2012030321,CHI,Marian,Hossa,3,09:51,10:24,23,,,517,16,#111111,0,8466148,Chicago Blackhawks,2692479,CHI,,00:33
2012030321,CHI,Marian,Hossa,3,12:42,13:26,24,,,517,16,#111111,0,8466148,Chicago Blackhawks,2692480,CHI,,00:44
2012030321,CHI,Marian,Hossa,3,15:36,16:12,25,,,517,16,#111111,0,8466148,Chicago Blackhawks,2692481,CHI,,00:36
2012030321,CHI,Marian,Hossa,3,18:19,19:22,26,,,517,16,#111111,0,8466148,Chicago Blackhawks,2692482,CHI,,01:03
2012030321,LAK,Robyn,Regehr,1,00:00,00:33,1,,,517,26,#ADAFAA,0,8467344,Los Angeles Kings,2692483,LAK,,00:33
2012030321,LAK,Robyn,Regehr,1,01:36,02:11,2,,,517,26,#ADAFAA,0,8467344,Los Angeles Kings,2692484,LAK,,00:35
2012030321,LAK,Robyn,Regehr,1,02:45,03:21,3,,,517,26,#ADAFAA,0,8467344,Los Angeles Kings,2692485,LAK,,00:36
2012030321,LAK,Robyn,Regehr,1,05:27,06:40,4,,,517,26,#ADAFAA,0,8467344,Los Angeles Kings,2692486,LAK,,01:13
2012030321,LAK,Robyn,Regehr,1,08:15,08:37,5,,,517,26,#ADAFAA,0,8467344,Los Angeles Kings,2692487,LAK,,00:22
2012030321,LAK,Robyn,Regehr,1,09:29,09:59,6,,,517,26,#ADAFAA,0,8467344,Los Angeles Kings,2692488,LAK,,00:30
2012030321,LAK,Robyn,Regehr,1,10:46,11:29,7,,,517,26,#ADAFAA,0,8467344,Los Angeles Kings,2692489,LAK,,00:43
2012030321,LAK,Robyn,Regehr,1,11:49,12:14,8,,,517,26,#ADAFAA,0,8467344,Los Angeles Kings,2692490,LAK,,00:25
2012030321,LAK,Robyn,Regehr,1,12:46,14:01,9,,,517,26,#ADAFAA,0,8467344,Los Angeles Kings,2692491,LAK,,01:15
2012030321,LAK,Robyn,Regehr,1,14:35,15:05,10,,,517,26,#ADAFAA,0,8467344,Los Angeles Kings,2692492,LAK,,00:30
2012030321,LAK,Robyn,Regehr,1,15:53,16:05,11,,,517,26,#ADAFAA,0,8467344,Los Angeles Kings,2692493,LAK,,00:12
2012030321,LAK,Robyn,Regehr,1,16:46,17:25,12,,,517,26,#ADAFAA,0,8467344,Los Angeles Kings,2692494,LAK,,00:39
2012030321,LAK,Robyn,Regehr,1,19:02,20:00,13,,,517,26,#ADAFAA,0,8467344,Los Angeles Kings,2692495,LAK,,00:58
2012030321,LAK,Robyn,Regehr,2,00:00,00:50,14,,,517,26,#ADAFAA,0,8467344,Los Angeles Kings,2692496,LAK,,00:50
2012030321,LAK,Robyn,Regehr,2,02:02,02:29,15,,,517,26,#ADAFAA,0,8467344,Los Angeles Kings,2692497,LAK,,00:27
2012030321,LAK,Robyn,Regehr,2,03:39,04:29,16,,,517,26,#ADAFAA,0,8467344,Los Angeles Kings,2692498,LAK,,00:50
2012030321,LAK,Robyn,Regehr,2,06:07,06:10,17,,,517,26,#ADAFAA,0,8467344,Los Angeles Kings,2692499,LAK,,00:03
2012030321,LAK,Robyn,Regehr,2,06:22,06:37,18,,,517,26,#ADAFAA,0,8467344,Los Angeles Kings,2692500,LAK,,00:15
2012030321,LAK,Robyn,Regehr,2,07:35,07:54,19,,,517,26,#ADAFAA,0,8467344,Los Angeles Kings,2692501,LAK,,00:19
2012030321,LAK,Robyn,Regehr,2,09:23,10:50,20,,,517,26,#ADAFAA,0,8467344,Los Angeles Kings,2692502,LAK,,01:27
2012030321,LAK,Robyn,Regehr,2,12:19,12:29,21,,,517,26,#ADAFAA,0,8467344,Los Angeles Kings,2692503,LAK,,00:10
2012030321,LAK,Robyn,Regehr,2,12:47,13:08,22,,,517,26,#ADAFAA,0,8467344,Los Angeles Kings,2692504,LAK,,00:21
2012030321,LAK,Robyn,Regehr,2,13:39,14:32,23,,,517,26,#ADAFAA,0,8467344,Los Angeles Kings,2692505,LAK,,00:53
2012030321,LAK,Robyn,Regehr,2,16:54,18:03,24,,,517,26,#ADAFAA,0,8467344,Los Angeles Kings,2692506,LAK,,01:09
2012030321,LAK,Robyn,Regehr,2,19:08,20:00,25,,,517,26,#ADAFAA,0,8467344,Los Angeles Kings,2692507,LAK,,00:52
2012030321,LAK,Robyn,Regehr,3,00:00,00:42,26,,,517,26,#ADAFAA,0,8467344,Los Angeles Kings,2692508,LAK,,00:42
2012030321,LAK,Robyn,Regehr,3,03:01,03:54,27,,,517,26,#ADAFAA,0,8467344,Los Angeles Kings,2692509,LAK,,00:53
2012030321,LAK,Robyn,Regehr,3,05:29,06:09,28,,,517,26,#ADAFAA,0,8467344,Los Angeles Kings,2692510,LAK,,00:40
2012030321,LAK,Robyn,Regehr,3,09:28,10:27,29,,,517,26,#ADAFAA,0,8467344,Los Angeles Kings,2692511,LAK,,00:59
2012030321,LAK,Robyn,Regehr,3,11:50,12:20,30,,,517,26,#ADAFAA,0,8467344,Los Angeles Kings,2692512,LAK,,00:30
2012030321,LAK,Robyn,Regehr,3,13:04,13:36,31,,,517,26,#ADAFAA,0,8467344,Los Angeles Kings,2692513,LAK,,00:32
2012030321,LAK,Robyn,Regehr,3,14:38,14:49,32,,,517,26,#ADAFAA,0,8467344,Los Angeles Kings,2692514,LAK,,00:11
2012030321,LAK,Robyn,Regehr,3,15:39,16:11,33,,,517,26,#ADAFAA,0,8467344,Los Angeles Kings,2692515,LAK,,00:32
2012030321,LAK,Robyn,Regehr,3,18:19,19:53,34,,,517,26,#ADAFAA,0,8467344,Los Angeles Kings,2692516,LAK,,01:34
2012030321,LAK,Rob,Scuderi,1,00:33,01:10,1,,,517,26,#ADAFAA,0,8467452,Los Angeles Kings,2692517,LAK,,00:37
2012030321,LAK,Rob,Scuderi,1,03:21,04:24,2,,,517,26,#ADAFAA,0,8467452,Los Angeles Kings,2692518,LAK,,01:03
2012030321,LAK,Rob,Scuderi,1,06:40,07:35,3,,,517,26,#ADAFAA,0,8467452,Los Angeles Kings,2692519,LAK,,00:55
2012030321,LAK,Rob,Scuderi,1,08:37,09:29,4,,,517,26,#ADAFAA,0,8467452,Los Angeles Kings,2692520,LAK,,00:52
2012030321,LAK,Rob,Scuderi,1,09:59,10:33,5,,,517,26,#ADAFAA,0,8467452,Los Angeles Kings,2692521,LAK,,00:34
2012030321,LAK,Rob,Scuderi,1,11:29,11:49,6,,,517,26,#ADAFAA,0,8467452,Los Angeles Kings,2692522,LAK,,00:20
2012030321,LAK,Rob,Scuderi,1,12:14,12:46,7,,,517,26,#ADAFAA,0,8467452,Los Angeles Kings,2692523,LAK,,00:32
2012030321,LAK,Rob,Scuderi,1,14:13,14:35,8,,,517,26,#ADAFAA,0,8467452,Los Angeles Kings,2692524,LAK,,00:22
2012030321,LAK,Rob,Scuderi,1,15:05,15:53,9,,,517,26,#ADAFAA,0,8467452,Los Angeles Kings,2692525,LAK,,00:48
2012030321,LAK,Rob,Scuderi,1,16:33,16:46,10,,,517,26,#ADAFAA,0,8467452,Los Angeles Kings,2692526,LAK,,00:13
2012030321,LAK,Rob,Scuderi,1,17:25,17:54,11,,,517,26,#ADAFAA,0,8467452,Los Angeles Kings,2692527,LAK,,00:29
2012030321,LAK,Rob,Scuderi,1,18:07,19:02,12,,,517,26,#ADAFAA,0,8467452,Los Angeles Kings,2692528,LAK,,00:55
2012030321,LAK,Rob,Scuderi,2,00:50,01:36,13,,,517,26,#ADAFAA,0,8467452,Los Angeles Kings,2692529,LAK,,00:46
2012030321,LAK,Rob,Scuderi,2,02:29,02:48,14,,,517,26,#ADAFAA,0,8467452,Los Angeles Kings,2692530,LAK,,00:19
2012030321,LAK,Rob,Scuderi,2,03:33,03:39,15,,,517,26,#ADAFAA,0,8467452,Los Angeles Kings,2692531,LAK,,00:06
2012030321,LAK,Rob,Scuderi,2,04:29,04:48,16,,,517,26,#ADAFAA,0,8467452,Los Angeles Kings,2692532,LAK,,00:19
2012030321,LAK,Rob,Scuderi,2,05:36,06:07,17,,,517,26,#ADAFAA,0,8467452,Los Angeles Kings,2692533,LAK,,00:31
2012030321,LAK,Rob,Scuderi,2,06:37,07:35,18,,,517,26,#ADAFAA,0,8467452,Los Angeles Kings,2692534,LAK,,00:58
2012030321,LAK,Rob,Scuderi,2,08:43,09:23,19,,,517,26,#ADAFAA,0,8467452,Los Angeles Kings,2692535,LAK,,00:40
2012030321,LAK,Rob,Scuderi,2,10:50,11:35,20,,,517,26,#ADAFAA,0,8467452,Los Angeles Kings,2692536,LAK,,00:45
2012030321,LAK,Rob,Scuderi,2,12:29,12:47,21,,,517,26,#ADAFAA,0,8467452,Los Angeles Kings,2692537,LAK,,00:18
2012030321,LAK,Rob,Scuderi,2,13:08,13:39,22,,,517,26,#ADAFAA,0,8467452,Los Angeles Kings,2692538,LAK,,00:31
2012030321,LAK,Rob,Scuderi,2,14:32,15:29,23,,,517,26,#ADAFAA,0,8467452,Los Angeles Kings,2692539,LAK,,00:57
2012030321,LAK,Rob,Scuderi,2,16:22,16:54,24,,,517,26,#ADAFAA,0,8467452,Los Angeles Kings,2692540,LAK,,00:32
2012030321,LAK,Rob,Scuderi,2,18:31,19:08,25,,,517,26,#ADAFAA,0,8467452,Los Angeles Kings,2692541,LAK,,00:37
2012030321,LAK,Rob,Scuderi,3,00:42,01:37,26,,,517,26,#ADAFAA,0,8467452,Los Angeles Kings,2692542,LAK,,00:55
2012030321,LAK,Rob,Scuderi,3,03:54,04:43,27,,,517,26,#ADAFAA,0,8467452,Los Angeles Kings,2692543,LAK,,00:49
2012030321,LAK,Rob,Scuderi,3,06:09,07:07,28,,,517,26,#ADAFAA,0,8467452,Los Angeles Kings,2692544,LAK,,00:58
2012030321,LAK,Rob,Scuderi,3,09:03,09:28,29,,,517,26,#ADAFAA,0,8467452,Los Angeles Kings,2692545,LAK,,00:25
2012030321,LAK,Rob,Scuderi,3,11:06,11:50,30,,,517,26,#ADAFAA,0,8467452,Los Angeles Kings,2692546,LAK,,00:44
2012030321,LAK,Rob,Scuderi,3,13:36,14:01,31,,,517,26,#ADAFAA,0,8467452,Los Angeles Kings,2692547,LAK,,00:25
2012030321,LAK,Rob,Scuderi,3,14:49,15:39,32,,,517,26,#ADAFAA,0,8467452,Los Angeles Kings,2692548,LAK,,00:50
2012030321,LAK,Rob,Scuderi,3,17:38,18:19,33,,,517,26,#ADAFAA,0,8467452,Los Angeles Kings,2692549,LAK,,00:41
2012030321,LAK,Rob,Scuderi,3,19:53,20:00,34,,,517,26,#ADAFAA,0,8467452,Los Angeles Kings,2692550,LAK,,00:07
2012030321,LAK,Justin,Williams,1,14:23,14:23,0,EVG,,505,26,#ADAFAA,803,8468508,Los Angeles Kings,5278751,LAK,48,
2012030321,LAK,Justin,Williams,1,00:00,00:20,1,,,517,26,#ADAFAA,0,8468508,Los Angeles Kings,2692551,LAK,,00:20
2012030321,LAK,Justin,Williams,1,02:57,04:03,2,,,517,26,#ADAFAA,0,8468508,Los Angeles Kings,2692552,LAK,,01:06
2012030321,LAK,Justin,Williams,1,06:12,06:40,3,,,517,26,#ADAFAA,0,8468508,Los Angeles Kings,2692553,LAK,,00:28
2012030321,LAK,Justin,Williams,1,10:33,11:11,4,,,517,26,#ADAFAA,0,8468508,Los Angeles Kings,2692554,LAK,,00:38
2012030321,LAK,Justin,Williams,1,14:12,14:23,5,,,517,26,#ADAFAA,0,8468508,Los Angeles Kings,2692555,LAK,,00:11
2012030321,LAK,Justin,Williams,1,15:53,16:46,6,,,517,26,#ADAFAA,0,8468508,Los Angeles Kings,2692556,LAK,,00:53
2012030321,LAK,Justin,Williams,1,19:02,20:00,7,,,517,26,#ADAFAA,0,8468508,Los Angeles Kings,2692557,LAK,,00:58
2012030321,LAK,Justin,Williams,2,01:36,01:54,8,,,517,26,#ADAFAA,0,8468508,Los Angeles Kings,2692558,LAK,,00:18
2012030321,LAK,Justin,Williams,2,03:39,04:29,9,,,517,26,#ADAFAA,0,8468508,Los Angeles Kings,2692559,LAK,,00:50
2012030321,LAK,Justin,Williams,2,06:37,07:14,10,,,517,26,#ADAFAA,0,8468508,Los Angeles Kings,2692560,LAK,,00:37
2012030321,LAK,Justin,Williams,2,09:43,10:32,11,,,517,26,#ADAFAA,0,8468508,Los Angeles Kings,2692561,LAK,,00:49
2012030321,LAK,Justin,Williams,2,15:38,16:01,12,,,517,26,#ADAFAA,0,8468508,Los Angeles Kings,2692562,LAK,,00:23
2012030321,LAK,Justin,Williams,2,18:03,19:08,13,,,517,26,#ADAFAA,0,8468508,Los Angeles Kings,2692563,LAK,,01:05
2012030321,LAK,Justin,Williams,3,00:52,01:37,14,,,517,26,#ADAFAA,0,8468508,Los Angeles Kings,2692564,LAK,,00:45
2012030321,LAK,Justin,Williams,3,03:54,04:43,15,,,517,26,#ADAFAA,0,8468508,Los Angeles Kings,2692565,LAK,,00:49
2012030321,LAK,Justin,Williams,3,06:17,07:07,16,,,517,26,#ADAFAA,0,8468508,Los Angeles Kings,2692566,LAK,,00:50
2012030321,LAK,Justin,Williams,3,08:13,09:03,17,,,517,26,#ADAFAA,0,8468508,Los Angeles Kings,2692567,LAK,,00:50
2012030321,LAK,Justin,Williams,3,10:27,11:16,18,,,517,26,#ADAFAA,0,8468508,Los Angeles Kings,2692568,LAK,,00:49
2012030321,LAK,Justin,Williams,3,13:04,13:36,19,,,517,26,#ADAFAA,0,8468508,Los Angeles Kings,2692569,LAK,,00:32
2012030321,LAK,Justin,Williams,3,16:29,17:38,20,,,517,26,#ADAFAA,0,8468508,Los Angeles Kings,2692570,LAK,,01:09
2012030321,LAK,Justin,Williams,3,19:53,20:00,21,,,517,26,#ADAFAA,0,8468508,Los Angeles Kings,2692571,LAK,,00:07
2012030321,LAK,Jarret,Stoll,1,01:20,02:11,1,,,517,26,#ADAFAA,0,8468526,Los Angeles Kings,2692572,LAK,,00:51
2012030321,LAK,Jarret,Stoll,1,04:53,05:27,2,,,517,26,#ADAFAA,0,8468526,Los Angeles Kings,2692573,LAK,,00:34
2012030321,LAK,Jarret,Stoll,1,07:28,08:15,3,,,517,26,#ADAFAA,0,8468526,Los Angeles Kings,2692574,LAK,,00:47
2012030321,LAK,Jarret,Stoll,1,09:59,10:33,4,,,517,26,#ADAFAA,0,8468526,Los Angeles Kings,2692575,LAK,,00:34
2012030321,LAK,Jarret,Stoll,1,12:24,12:46,5,,,517,26,#ADAFAA,0,8468526,Los Angeles Kings,2692576,LAK,,00:22
2012030321,LAK,Jarret,Stoll,1,15:01,15:41,6,,,517,26,#ADAFAA,0,8468526,Los Angeles Kings,2692577,LAK,,00:40
2012030321,LAK,Jarret,Stoll,1,17:49,18:45,7,,,517,26,#ADAFAA,0,8468526,Los Angeles Kings,2692578,LAK,,00:56
2012030321,LAK,Jarret,Stoll,2,00:50,01:36,8,,,517,26,#ADAFAA,0,8468526,Los Angeles Kings,2692579,LAK,,00:46
2012030321,LAK,Jarret,Stoll,2,02:48,03:39,9,,,517,26,#ADAFAA,0,8468526,Los Angeles Kings,2692580,LAK,,00:51
2012030321,LAK,Jarret,Stoll,2,05:58,06:37,10,,,517,26,#ADAFAA,0,8468526,Los Angeles Kings,2692581,LAK,,00:39
2012030321,LAK,Jarret,Stoll,2,08:43,09:38,11,,,517,26,#ADAFAA,0,8468526,Los Angeles Kings,2692582,LAK,,00:55
2012030321,LAK,Jarret,Stoll,2,11:21,12:06,12,,,517,26,#ADAFAA,0,8468526,Los Angeles Kings,2692583,LAK,,00:45
2012030321,LAK,Jarret,Stoll,2,12:47,13:08,13,,,517,26,#ADAFAA,0,8468526,Los Angeles Kings,2692584,LAK,,00:21
2012030321,LAK,Jarret,Stoll,2,14:09,14:16,14,,,517,26,#ADAFAA,0,8468526,Los Angeles Kings,2692585,LAK,,00:07
2012030321,LAK,Jarret,Stoll,2,16:22,17:13,15,,,517,26,#ADAFAA,0,8468526,Los Angeles Kings,2692586,LAK,,00:51
2012030321,LAK,Jarret,Stoll,3,00:42,01:37,16,,,517,26,#ADAFAA,0,8468526,Los Angeles Kings,2692587,LAK,,00:55
2012030321,LAK,Jarret,Stoll,3,03:01,03:54,17,,,517,26,#ADAFAA,0,8468526,Los Angeles Kings,2692588,LAK,,00:53
2012030321,LAK,Jarret,Stoll,3,06:17,06:47,18,,,517,26,#ADAFAA,0,8468526,Los Angeles Kings,2692589,LAK,,00:30
2012030321,LAK,Jarret,Stoll,3,09:03,10:13,19,,,517,26,#ADAFAA,0,8468526,Los Angeles Kings,2692590,LAK,,01:10
2012030321,LAK,Jarret,Stoll,3,11:21,11:58,20,,,517,26,#ADAFAA,0,8468526,Los Angeles Kings,2692591,LAK,,00:37
2012030321,LAK,Jarret,Stoll,3,13:36,14:09,21,,,517,26,#ADAFAA,0,8468526,Los Angeles Kings,2692592,LAK,,00:33
2012030321,LAK,Jarret,Stoll,3,17:10,17:38,22,,,517,26,#ADAFAA,0,8468526,Los Angeles Kings,2692593,LAK,,00:28
2012030321,LAK,Jarret,Stoll,3,18:19,18:28,23,,,517,26,#ADAFAA,0,8468526,Los Angeles Kings,2692594,LAK,,00:09
2012030321,CHI,Patrick,Sharp,1,00:43,01:21,1,,,517,16,#111111,0,8469544,Chicago Blackhawks,2692595,CHI,,00:38
2012030321,CHI,Patrick,Sharp,1,04:04,04:52,2,,,517,16,#111111,0,8469544,Chicago Blackhawks,2692596,CHI,,00:48
2012030321,CHI,Patrick,Sharp,1,06:44,07:30,3,,,517,16,#111111,0,8469544,Chicago Blackhawks,2692597,CHI,,00:46
2012030321,CHI,Patrick,Sharp,1,11:24,11:49,4,,,517,16,#111111,0,8469544,Chicago Blackhawks,2692598,CHI,,00:25
2012030321,CHI,Patrick,Sharp,1,12:54,14:02,5,,,517,16,#111111,0,8469544,Chicago Blackhawks,2692599,CHI,,01:08
2012030321,CHI,Patrick,Sharp,1,15:05,15:53,6,,,517,16,#111111,0,8469544,Chicago Blackhawks,2692600,CHI,,00:48
2012030321,CHI,Patrick,Sharp,1,17:23,18:07,7,,,517,16,#111111,0,8469544,Chicago Blackhawks,2692601,CHI,,00:44
2012030321,CHI,Patrick,Sharp,2,12:29,12:29,0,EVG,"Johnny Oduya, Michal Handzus",505,16,#111111,803,8469544,Chicago Blackhawks,5278752,CHI,563,
2012030321,CHI,Patrick,Sharp,2,00:48,01:54,8,,,517,16,#111111,0,8469544,Chicago Blackhawks,2692602,CHI,,01:06
2012030321,CHI,Patrick,Sharp,2,03:10,03:39,9,,,517,16,#111111,0,8469544,Chicago Blackhawks,2692603,CHI,,00:29
2012030321,CHI,Patrick,Sharp,2,06:33,07:14,10,,,517,16,#111111,0,8469544,Chicago Blackhawks,2692604,CHI,,00:41
2012030321,CHI,Patrick,Sharp,2,08:50,09:43,11,,,517,16,#111111,0,8469544,Chicago Blackhawks,2692605,CHI,,00:53
2012030321,CHI,Patrick,Sharp,2,12:08,12:47,12,,,517,16,#111111,0,8469544,Chicago Blackhawks,2692606,CHI,,00:39
2012030321,CHI,Patrick,Sharp,2,13:52,14:59,13,,,517,16,#111111,0,8469544,Chicago Blackhawks,2692607,CHI,,01:07
2012030321,CHI,Patrick,Sharp,2,16:22,17:03,14,,,517,16,#111111,0,8469544,Chicago Blackhawks,2692608,CHI,,00:41
2012030321,CHI,Patrick,Sharp,2,18:59,19:41,15,,,517,16,#111111,0,8469544,Chicago Blackhawks,2692609,CHI,,00:42
2012030321,CHI,Patrick,Sharp,3,00:40,01:37,16,,,517,16,#111111,0,8469544,Chicago Blackhawks,2692610,CHI,,00:57
2012030321,CHI,Patrick,Sharp,3,03:20,03:58,17,,,517,16,#111111,0,8469544,Chicago Blackhawks,2692611,CHI,,00:38
2012030321,CHI,Patrick,Sharp,3,06:22,07:05,18,,,517,16,#111111,0,8469544,Chicago Blackhawks,2692612,CHI,,00:43
2012030321,CHI,Patrick,Sharp,3,09:14,09:51,19,,,517,16,#111111,0,8469544,Chicago Blackhawks,2692613,CHI,,00:37
2012030321,CHI,Patrick,Sharp,3,10:27,11:09,20,,,517,16,#111111,0,8469544,Chicago Blackhawks,2692614,CHI,,00:42
2012030321,CHI,Patrick,Sharp,3,13:26,13:56,21,,,517,16,#111111,0,8469544,Chicago Blackhawks,2692615,CHI,,00:30
2012030321,CHI,Patrick,Sharp,3,16:12,16:52,22,,,517,16,#111111,0,8469544,Chicago Blackhawks,2692616,CHI,,00:40
2012030321,CHI,Patrick,Sharp,3,19:22,20:00,23,,,517,16,#111111,0,8469544,Chicago Blackhawks,2692617,CHI,,00:38
2012030321,CHI,Johnny,Oduya,1,00:40,01:32,1,,,517,16,#111111,0,8469665,Chicago Blackhawks,2692618,CHI,,00:52
2012030321,CHI,Johnny,Oduya,1,02:28,02:54,2,,,517,16,#111111,0,8469665,Chicago Blackhawks,2692619,CHI,,00:26
2012030321,CHI,Johnny,Oduya,1,04:04,04:47,3,,,517,16,#111111,0,8469665,Chicago Blackhawks,2692620,CHI,,00:43
2012030321,CHI,Johnny,Oduya,1,05:32,05:59,4,,,517,16,#111111,0,8469665,Chicago Blackhawks,2692621,CHI,,00:27
2012030321,CHI,Johnny,Oduya,1,06:54,07:35,5,,,517,16,#111111,0,8469665,Chicago Blackhawks,2692622,CHI,,00:41
2012030321,CHI,Johnny,Oduya,1,09:32,09:59,6,,,517,16,#111111,0,8469665,Chicago Blackhawks,2692623,CHI,,00:27
2012030321,CHI,Johnny,Oduya,1,11:23,11:49,7,,,517,16,#111111,0,8469665,Chicago Blackhawks,2692624,CHI,,00:26
2012030321,CHI,Johnny,Oduya,1,13:45,14:13,8,,,517,16,#111111,0,8469665,Chicago Blackhawks,2692625,CHI,,00:28
2012030321,CHI,Johnny,Oduya,1,14:23,15:03,9,,,517,16,#111111,0,8469665,Chicago Blackhawks,2692626,CHI,,00:40
2012030321,CHI,Johnny,Oduya,1,15:53,16:39,10,,,517,16,#111111,0,8469665,Chicago Blackhawks,2692627,CHI,,00:46
2012030321,CHI,Johnny,Oduya,1,17:25,17:58,11,,,517,16,#111111,0,8469665,Chicago Blackhawks,2692628,CHI,,00:33
2012030321,CHI,Johnny,Oduya,2,01:46,02:29,12,,,517,16,#111111,0,8469665,Chicago Blackhawks,2692629,CHI,,00:43
2012030321,CHI,Johnny,Oduya,2,05:25,06:24,13,,,517,16,#111111,0,8469665,Chicago Blackhawks,2692630,CHI,,00:59
2012030321,CHI,Johnny,Oduya,2,06:52,07:45,14,,,517,16,#111111,0,8469665,Chicago Blackhawks,2692631,CHI,,00:53
2012030321,CHI,Johnny,Oduya,2,09:43,10:24,15,,,517,16,#111111,0,8469665,Chicago Blackhawks,2692632,CHI,,00:41
2012030321,CHI,Johnny,Oduya,2,12:08,12:47,16,,,517,16,#111111,0,8469665,Chicago Blackhawks,2692633,CHI,,00:39
2012030321,CHI,Johnny,Oduya,2,14:59,15:54,17,,,517,16,#111111,0,8469665,Chicago Blackhawks,2692634,CHI,,00:55
2012030321,CHI,Johnny,Oduya,2,17:03,18:03,18,,,517,16,#111111,0,8469665,Chicago Blackhawks,2692635,CHI,,01:00
2012030321,CHI,Johnny,Oduya,2,19:16,20:00,19,,,517,16,#111111,0,8469665,Chicago Blackhawks,2692636,CHI,,00:44
2012030321,CHI,Johnny,Oduya,3,01:37,02:48,20,,,517,16,#111111,0,8469665,Chicago Blackhawks,2692637,CHI,,01:11
2012030321,CHI,Johnny,Oduya,3,03:27,04:07,21,,,517,16,#111111,0,8469665,Chicago Blackhawks,2692638,CHI,,00:40
2012030321,CHI,Johnny,Oduya,3,04:43,05:43,22,,,517,16,#111111,0,8469665,Chicago Blackhawks,2692639,CHI,,01:00
2012030321,CHI,Johnny,Oduya,3,08:13,09:03,23,,,517,16,#111111,0,8469665,Chicago Blackhawks,2692640,CHI,,00:50
2012030321,CHI,Johnny,Oduya,3,10:23,11:34,24,,,517,16,#111111,0,8469665,Chicago Blackhawks,2692641,CHI,,01:11
2012030321,CHI,Johnny,Oduya,3,13:11,13:36,25,,,517,16,#111111,0,8469665,Chicago Blackhawks,2692642,CHI,,00:25
2012030321,CHI,Johnny,Oduya,3,15:30,16:30,26,,,517,16,#111111,0,8469665,Chicago Blackhawks,2692643,CHI,,01:00
2012030321,CHI,Johnny,Oduya,3,17:00,17:51,27,,,517,16,#111111,0,8469665,Chicago Blackhawks,2692644,CHI,,00:51
2012030321,CHI,Johnny,Oduya,3,19:12,20:00,28,,,517,16,#111111,0,8469665,Chicago Blackhawks,2692645,CHI,,00:48
2012030321,LAK,Matt,Greene,1,01:10,01:36,1,,,517,26,#ADAFAA,0,8470121,Los Angeles Kings,2692646,LAK,,00:26
2012030321,LAK,Matt,Greene,1,02:11,02:45,2,,,517,26,#ADAFAA,0,8470121,Los Angeles Kings,2692647,LAK,,00:34
2012030321,LAK,Matt,Greene,1,04:28,05:27,3,,,517,26,#ADAFAA,0,8470121,Los Angeles Kings,2692648,LAK,,00:59
2012030321,LAK,Matt,Greene,1,07:42,08:15,4,,,517,26,#ADAFAA,0,8470121,Los Angeles Kings,2692649,LAK,,00:33
2012030321,LAK,Matt,Greene,1,10:46,11:29,5,,,517,26,#ADAFAA,0,8470121,Los Angeles Kings,2692650,LAK,,00:43
2012030321,LAK,Matt,Greene,1,12:14,12:46,6,,,517,26,#ADAFAA,0,8470121,Los Angeles Kings,2692651,LAK,,00:32
2012030321,LAK,Matt,Greene,1,14:01,14:13,7,,,517,26,#ADAFAA,0,8470121,Los Angeles Kings,2692652,LAK,,00:12
2012030321,LAK,Matt,Greene,1,16:09,16:46,8,,,517,26,#ADAFAA,0,8470121,Los Angeles Kings,2692653,LAK,,00:37
2012030321,LAK,Matt,Greene,1,18:07,19:10,9,,,517,26,#ADAFAA,0,8470121,Los Angeles Kings,2692654,LAK,,01:03
2012030321,LAK,Matt,Greene,2,01:54,02:07,10,,,517,26,#ADAFAA,0,8470121,Los Angeles Kings,2692655,LAK,,00:13
2012030321,LAK,Matt,Greene,2,02:48,03:33,11,,,517,26,#ADAFAA,0,8470121,Los Angeles Kings,2692656,LAK,,00:45
2012030321,LAK,Matt,Greene,2,04:48,05:36,12,,,517,26,#ADAFAA,0,8470121,Los Angeles Kings,2692657,LAK,,00:48
2012030321,LAK,Matt,Greene,2,06:10,06:22,13,,,517,26,#ADAFAA,0,8470121,Los Angeles Kings,2692658,LAK,,00:12
2012030321,LAK,Matt,Greene,2,07:54,08:43,14,,,517,26,#ADAFAA,0,8470121,Los Angeles Kings,2692659,LAK,,00:49
2012030321,LAK,Matt,Greene,2,10:32,11:35,15,,,517,26,#ADAFAA,0,8470121,Los Angeles Kings,2692660,LAK,,01:03
2012030321,LAK,Matt,Greene,2,12:29,12:47,16,,,517,26,#ADAFAA,0,8470121,Los Angeles Kings,2692661,LAK,,00:18
2012030321,LAK,Matt,Greene,2,13:08,13:39,17,,,517,26,#ADAFAA,0,8470121,Los Angeles Kings,2692662,LAK,,00:31
2012030321,LAK,Matt,Greene,2,15:29,16:01,18,,,517,26,#ADAFAA,0,8470121,Los Angeles Kings,2692663,LAK,,00:32
2012030321,LAK,Matt,Greene,2,18:03,18:31,19,,,517,26,#ADAFAA,0,8470121,Los Angeles Kings,2692664,LAK,,00:28
2012030321,LAK,Matt,Greene,3,01:37,01:58,20,,,517,26,#ADAFAA,0,8470121,Los Angeles Kings,2692665,LAK,,00:21
2012030321,LAK,Matt,Greene,3,03:01,04:18,21,,,517,26,#ADAFAA,0,8470121,Los Angeles Kings,2692666,LAK,,01:17
2012030321,LAK,Matt,Greene,3,05:17,05:57,22,,,517,26,#ADAFAA,0,8470121,Los Angeles Kings,2692667,LAK,,00:40
2012030321,LAK,Matt,Greene,3,09:28,10:26,23,,,517,26,#ADAFAA,0,8470121,Los Angeles Kings,2692668,LAK,,00:58
2012030321,LAK,Matt,Greene,3,11:50,12:20,24,,,517,26,#ADAFAA,0,8470121,Los Angeles Kings,2692669,LAK,,00:30
2012030321,LAK,Matt,Greene,3,13:18,13:36,25,,,517,26,#ADAFAA,0,8470121,Los Angeles Kings,2692670,LAK,,00:18
2012030321,LAK,Matt,Greene,3,14:41,14:49,26,,,517,26,#ADAFAA,0,8470121,Los Angeles Kings,2692671,LAK,,00:08
2012030321,LAK,Matt,Greene,3,15:39,16:11,27,,,517,26,#ADAFAA,0,8470121,Los Angeles Kings,2692672,LAK,,00:32
2012030321,CHI,Duncan,Keith,1,00:00,00:40,1,,,517,16,#111111,0,8470281,Chicago Blackhawks,2692673,CHI,,00:40
2012030321,CHI,Duncan,Keith,1,02:54,04:04,2,,,517,16,#111111,0,8470281,Chicago Blackhawks,2692674,CHI,,01:10
2012030321,CHI,Duncan,Keith,1,05:59,06:54,3,,,517,16,#111111,0,8470281,Chicago Blackhawks,2692675,CHI,,00:55
2012030321,CHI,Duncan,Keith,1,07:35,08:15,4,,,517,16,#111111,0,8470281,Chicago Blackhawks,2692676,CHI,,00:40
2012030321,CHI,Duncan,Keith,1,08:21,09:32,5,,,517,16,#111111,0,8470281,Chicago Blackhawks,2692677,CHI,,01:11
2012030321,CHI,Duncan,Keith,1,10:41,11:23,6,,,517,16,#111111,0,8470281,Chicago Blackhawks,2692678,CHI,,00:42
2012030321,CHI,Duncan,Keith,1,11:49,12:54,7,,,517,16,#111111,0,8470281,Chicago Blackhawks,2692679,CHI,,01:05
2012030321,CHI,Duncan,Keith,1,15:03,15:05,8,,,517,16,#111111,0,8470281,Chicago Blackhawks,2692680,CHI,,00:02
2012030321,CHI,Duncan,Keith,1,16:39,17:25,9,,,517,16,#111111,0,8470281,Chicago Blackhawks,2692681,CHI,,00:46
2012030321,CHI,Duncan,Keith,1,18:52,20:00,10,,,517,16,#111111,0,8470281,Chicago Blackhawks,2692682,CHI,,01:08
2012030321,CHI,Duncan,Keith,2,00:00,01:06,11,,,517,16,#111111,0,8470281,Chicago Blackhawks,2692683,CHI,,01:06
2012030321,CHI,Duncan,Keith,2,02:29,02:48,12,,,517,16,#111111,0,8470281,Chicago Blackhawks,2692684,CHI,,00:19
2012030321,CHI,Duncan,Keith,2,03:39,04:29,13,,,517,16,#111111,0,8470281,Chicago Blackhawks,2692685,CHI,,00:50
2012030321,CHI,Duncan,Keith,2,06:24,06:52,14,,,517,16,#111111,0,8470281,Chicago Blackhawks,2692686,CHI,,00:28
2012030321,CHI,Duncan,Keith,2,08:54,09:43,15,,,517,16,#111111,0,8470281,Chicago Blackhawks,2692687,CHI,,00:49
2012030321,CHI,Duncan,Keith,2,10:24,11:39,16,,,517,16,#111111,0,8470281,Chicago Blackhawks,2692688,CHI,,01:15
2012030321,CHI,Duncan,Keith,2,12:47,13:52,17,,,517,16,#111111,0,8470281,Chicago Blackhawks,2692689,CHI,,01:05
2012030321,CHI,Duncan,Keith,2,15:54,16:22,18,,,517,16,#111111,0,8470281,Chicago Blackhawks,2692690,CHI,,00:28
2012030321,CHI,Duncan,Keith,2,18:03,19:16,19,,,517,16,#111111,0,8470281,Chicago Blackhawks,2692691,CHI,,01:13
2012030321,CHI,Duncan,Keith,3,00:00,00:51,20,,,517,16,#111111,0,8470281,Chicago Blackhawks,2692692,CHI,,00:51
2012030321,CHI,Duncan,Keith,3,02:48,03:27,21,,,517,16,#111111,0,8470281,Chicago Blackhawks,2692693,CHI,,00:39
2012030321,CHI,Duncan,Keith,3,05:43,06:45,22,,,517,16,#111111,0,8470281,Chicago Blackhawks,2692694,CHI,,01:02
2012030321,CHI,Duncan,Keith,3,07:19,08:13,23,,,517,16,#111111,0,8470281,Chicago Blackhawks,2692695,CHI,,00:54
2012030321,CHI,Duncan,Keith,3,09:03,09:22,24,,,517,16,#111111,0,8470281,Chicago Blackhawks,2692696,CHI,,00:19
2012030321,CHI,Duncan,Keith,3,12:05,13:11,25,,,517,16,#111111,0,8470281,Chicago Blackhawks,2692697,CHI,,01:06
2012030321,CHI,Duncan,Keith,3,14:09,15:30,26,,,517,16,#111111,0,8470281,Chicago Blackhawks,2692698,CHI,,01:21
2012030321,CHI,Duncan,Keith,3,16:30,17:00,27,,,517,16,#111111,0,8470281,Chicago Blackhawks,2692699,CHI,,00:30
2012030321,CHI,Duncan,Keith,3,17:51,19:12,28,,,517,16,#111111,0,8470281,Chicago Blackhawks,2692700,CHI,,01:21
2012030321,LAK,Jeff,Carter,1,00:20,01:20,1,,,517,26,#ADAFAA,0,8470604,Los Angeles Kings,2692701,LAK,,01:00
2012030321,LAK,Jeff,Carter,1,04:03,04:53,2,,,517,26,#ADAFAA,0,8470604,Los Angeles Kings,2692702,LAK,,00:50
2012030321,LAK,Jeff,Carter,1,06:40,07:28,3,,,517,26,#ADAFAA,0,8470604,Los Angeles Kings,2692703,LAK,,00:48
2012030321,LAK,Jeff,Carter,1,08:29,08:37,4,,,517,26,#ADAFAA,0,8470604,Los Angeles Kings,2692704,LAK,,00:08
2012030321,LAK,Jeff,Carter,1,09:29,09:59,5,,,517,26,#ADAFAA,0,8470604,Los Angeles Kings,2692705,LAK,,00:30
2012030321,LAK,Jeff,Carter,1,11:29,11:49,6,,,517,26,#ADAFAA,0,8470604,Los Angeles Kings,2692706,LAK,,00:20
2012030321,LAK,Jeff,Carter,1,11:56,12:14,7,,,517,26,#ADAFAA,0,8470604,Los Angeles Kings,2692707,LAK,,00:18
2012030321,LAK,Jeff,Carter,1,14:23,15:05,8,,,517,26,#ADAFAA,0,8470604,Los Angeles Kings,2692708,LAK,,00:42
2012030321,LAK,Jeff,Carter,1,17:20,18:07,9,,,517,26,#ADAFAA,0,8470604,Los Angeles Kings,2692709,LAK,,00:47
2012030321,LAK,Jeff,Carter,2,00:00,00:50,10,,,517,26,#ADAFAA,0,8470604,Los Angeles Kings,2692710,LAK,,00:50
2012030321,LAK,Jeff,Carter,2,02:29,02:48,11,,,517,26,#ADAFAA,0,8470604,Los Angeles Kings,2692711,LAK,,00:19
2012030321,LAK,Jeff,Carter,2,05:19,05:58,12,,,517,26,#ADAFAA,0,8470604,Los Angeles Kings,2692712,LAK,,00:39
2012030321,LAK,Jeff,Carter,2,07:14,07:54,13,,,517,26,#ADAFAA,0,8470604,Los Angeles Kings,2692713,LAK,,00:40
2012030321,LAK,Jeff,Carter,2,10:32,11:39,14,,,517,26,#ADAFAA,0,8470604,Los Angeles Kings,2692714,LAK,,01:07
2012030321,LAK,Jeff,Carter,2,12:29,12:47,15,,,517,26,#ADAFAA,0,8470604,Los Angeles Kings,2692715,LAK,,00:18
2012030321,LAK,Jeff,Carter,2,13:08,13:39,16,,,517,26,#ADAFAA,0,8470604,Los Angeles Kings,2692716,LAK,,00:31
2012030321,LAK,Jeff,Carter,2,16:01,16:22,17,,,517,26,#ADAFAA,0,8470604,Los Angeles Kings,2692717,LAK,,00:21
2012030321,LAK,Jeff,Carter,2,19:08,20:00,18,,,517,26,#ADAFAA,0,8470604,Los Angeles Kings,2692718,LAK,,00:52
2012030321,LAK,Jeff,Carter,3,00:00,00:42,19,,,517,26,#ADAFAA,0,8470604,Los Angeles Kings,2692719,LAK,,00:42
2012030321,LAK,Jeff,Carter,3,03:01,03:54,20,,,517,26,#ADAFAA,0,8470604,Los Angeles Kings,2692720,LAK,,00:53
2012030321,LAK,Jeff,Carter,3,05:45,06:17,21,,,517,26,#ADAFAA,0,8470604,Los Angeles Kings,2692721,LAK,,00:32
2012030321,LAK,Jeff,Carter,3,07:19,08:13,22,,,517,26,#ADAFAA,0,8470604,Los Angeles Kings,2692722,LAK,,00:54
2012030321,LAK,Jeff,Carter,3,10:13,10:27,23,,,517,26,#ADAFAA,0,8470604,Los Angeles Kings,2692723,LAK,,00:14
2012030321,LAK,Jeff,Carter,3,11:58,13:04,24,,,517,26,#ADAFAA,0,8470604,Los Angeles Kings,2692724,LAK,,01:06
2012030321,LAK,Jeff,Carter,3,14:19,15:24,25,,,517,26,#ADAFAA,0,8470604,Los Angeles Kings,2692725,LAK,,01:05
2012030321,LAK,Jeff,Carter,3,17:51,18:19,26,,,517,26,#ADAFAA,0,8470604,Los Angeles Kings,2692726,LAK,,00:28
2012030321,LAK,Dustin,Brown,1,00:00,00:40,1,,,517,26,#ADAFAA,0,8470606,Los Angeles Kings,2692727,LAK,,00:40
2012030321,LAK,Dustin,Brown,1,02:57,04:03,2,,,517,26,#ADAFAA,0,8470606,Los Angeles Kings,2692728,LAK,,01:06
2012030321,LAK,Dustin,Brown,1,06:12,06:40,3,,,517,26,#ADAFAA,0,8470606,Los Angeles Kings,2692729,LAK,,00:28
2012030321,LAK,Dustin,Brown,1,08:37,09:29,4,,,517,26,#ADAFAA,0,8470606,Los Angeles Kings,2692730,LAK,,00:52
2012030321,LAK,Dustin,Brown,1,12:46,13:52,5,,,517,26,#ADAFAA,0,8470606,Los Angeles Kings,2692731,LAK,,01:06
2012030321,LAK,Dustin,Brown,1,15:53,16:37,6,,,517,26,#ADAFAA,0,8470606,Los Angeles Kings,2692732,LAK,,00:44
2012030321,LAK,Dustin,Brown,1,18:45,20:00,7,,,517,26,#ADAFAA,0,8470606,Los Angeles Kings,2692733,LAK,,01:15
2012030321,LAK,Dustin,Brown,2,01:36,01:54,8,,,517,26,#ADAFAA,0,8470606,Los Angeles Kings,2692734,LAK,,00:18
2012030321,LAK,Dustin,Brown,2,03:39,04:29,9,,,517,26,#ADAFAA,0,8470606,Los Angeles Kings,2692735,LAK,,00:50
2012030321,LAK,Dustin,Brown,2,06:50,07:14,10,,,517,26,#ADAFAA,0,8470606,Los Angeles Kings,2692736,LAK,,00:24
2012030321,LAK,Dustin,Brown,2,09:43,10:50,11,,,517,26,#ADAFAA,0,8470606,Los Angeles Kings,2692737,LAK,,01:07
2012030321,LAK,Dustin,Brown,2,14:16,15:38,12,,,517,26,#ADAFAA,0,8470606,Los Angeles Kings,2692738,LAK,,01:22
2012030321,LAK,Dustin,Brown,2,18:03,18:59,13,,,517,26,#ADAFAA,0,8470606,Los Angeles Kings,2692739,LAK,,00:56
2012030321,LAK,Dustin,Brown,3,01:37,03:01,14,,,517,26,#ADAFAA,0,8470606,Los Angeles Kings,2692740,LAK,,01:24
2012030321,LAK,Dustin,Brown,3,07:07,07:19,15,,,517,26,#ADAFAA,0,8470606,Los Angeles Kings,2692741,LAK,,00:12
2012030321,LAK,Dustin,Brown,3,08:13,09:03,16,,,517,26,#ADAFAA,0,8470606,Los Angeles Kings,2692742,LAK,,00:50
2012030321,LAK,Dustin,Brown,3,13:04,13:36,17,,,517,26,#ADAFAA,0,8470606,Los Angeles Kings,2692743,LAK,,00:32
2012030321,LAK,Dustin,Brown,3,16:11,16:59,18,,,517,26,#ADAFAA,0,8470606,Los Angeles Kings,2692744,LAK,,00:48
2012030321,LAK,Dustin,Brown,3,18:28,19:53,19,,,517,26,#ADAFAA,0,8470606,Los Angeles Kings,2692745,LAK,,01:25
2012030321,CHI,Brent,Seabrook,1,00:00,00:40,1,,,517,16,#111111,0,8470607,Chicago Blackhawks,2692746,CHI,,00:40
2012030321,CHI,Brent,Seabrook,1,02:54,04:04,2,,,517,16,#111111,0,8470607,Chicago Blackhawks,2692747,CHI,,01:10
2012030321,CHI,Brent,Seabrook,1,05:59,06:44,3,,,517,16,#111111,0,8470607,Chicago Blackhawks,2692748,CHI,,00:45
2012030321,CHI,Brent,Seabrook,1,07:35,08:10,4,,,517,16,#111111,0,8470607,Chicago Blackhawks,2692749,CHI,,00:35
2012030321,CHI,Brent,Seabrook,1,08:21,09:24,5,,,517,16,#111111,0,8470607,Chicago Blackhawks,2692750,CHI,,01:03
2012030321,CHI,Brent,Seabrook,1,10:34,11:13,6,,,517,16,#111111,0,8470607,Chicago Blackhawks,2692751,CHI,,00:39
2012030321,CHI,Brent,Seabrook,1,11:49,12:44,7,,,517,16,#111111,0,8470607,Chicago Blackhawks,2692752,CHI,,00:55
2012030321,CHI,Brent,Seabrook,1,15:03,15:05,8,,,517,16,#111111,0,8470607,Chicago Blackhawks,2692753,CHI,,00:02
2012030321,CHI,Brent,Seabrook,1,16:39,17:23,9,,,517,16,#111111,0,8470607,Chicago Blackhawks,2692754,CHI,,00:44
2012030321,CHI,Brent,Seabrook,1,18:56,20:00,10,,,517,16,#111111,0,8470607,Chicago Blackhawks,2692755,CHI,,01:04
2012030321,CHI,Brent,Seabrook,2,00:00,00:44,11,,,517,16,#111111,0,8470607,Chicago Blackhawks,2692756,CHI,,00:44
2012030321,CHI,Brent,Seabrook,2,02:29,02:48,12,,,517,16,#111111,0,8470607,Chicago Blackhawks,2692757,CHI,,00:19
2012030321,CHI,Brent,Seabrook,2,03:39,04:29,13,,,517,16,#111111,0,8470607,Chicago Blackhawks,2692758,CHI,,00:50
2012030321,CHI,Brent,Seabrook,2,06:29,06:52,14,,,517,16,#111111,0,8470607,Chicago Blackhawks,2692759,CHI,,00:23
2012030321,CHI,Brent,Seabrook,2,08:54,09:40,15,,,517,16,#111111,0,8470607,Chicago Blackhawks,2692760,CHI,,00:46
2012030321,CHI,Brent,Seabrook,2,10:24,11:39,16,,,517,16,#111111,0,8470607,Chicago Blackhawks,2692761,CHI,,01:15
2012030321,CHI,Brent,Seabrook,2,12:47,13:38,17,,,517,16,#111111,0,8470607,Chicago Blackhawks,2692762,CHI,,00:51
2012030321,CHI,Brent,Seabrook,2,16:08,16:22,18,,,517,16,#111111,0,8470607,Chicago Blackhawks,2692763,CHI,,00:14
2012030321,CHI,Brent,Seabrook,2,18:03,19:16,19,,,517,16,#111111,0,8470607,Chicago Blackhawks,2692764,CHI,,01:13
2012030321,CHI,Brent,Seabrook,3,00:00,00:40,20,,,517,16,#111111,0,8470607,Chicago Blackhawks,2692765,CHI,,00:40
2012030321,CHI,Brent,Seabrook,3,02:38,03:27,21,,,517,16,#111111,0,8470607,Chicago Blackhawks,2692766,CHI,,00:49
2012030321,CHI,Brent,Seabrook,3,05:43,06:22,22,,,517,16,#111111,0,8470607,Chicago Blackhawks,2692767,CHI,,00:39
2012030321,CHI,Brent,Seabrook,3,08:11,09:03,23,,,517,16,#111111,0,8470607,Chicago Blackhawks,2692768,CHI,,00:52
2012030321,CHI,Brent,Seabrook,3,11:05,11:34,24,,,517,16,#111111,0,8470607,Chicago Blackhawks,2692769,CHI,,00:29
2012030321,CHI,Brent,Seabrook,3,12:02,13:08,25,,,517,16,#111111,0,8470607,Chicago Blackhawks,2692770,CHI,,01:06
2012030321,CHI,Brent,Seabrook,3,14:09,15:20,26,,,517,16,#111111,0,8470607,Chicago Blackhawks,2692771,CHI,,01:11
2012030321,CHI,Brent,Seabrook,3,16:26,17:00,27,,,517,16,#111111,0,8470607,Chicago Blackhawks,2692772,CHI,,00:34
2012030321,CHI,Brent,Seabrook,3,17:47,19:12,28,,,517,16,#111111,0,8470607,Chicago Blackhawks,2692773,CHI,,01:25
2012030321,LAK,Mike,Richards,1,00:40,01:20,1,,,517,26,#ADAFAA,0,8470617,Los Angeles Kings,2692774,LAK,,00:40
2012030321,LAK,Mike,Richards,1,04:03,04:53,2,,,517,26,#ADAFAA,0,8470617,Los Angeles Kings,2692775,LAK,,00:50
2012030321,LAK,Mike,Richards,1,06:40,07:28,3,,,517,26,#ADAFAA,0,8470617,Los Angeles Kings,2692776,LAK,,00:48
2012030321,LAK,Mike,Richards,1,08:21,08:37,4,,,517,26,#ADAFAA,0,8470617,Los Angeles Kings,2692777,LAK,,00:16
2012030321,LAK,Mike,Richards,1,09:29,09:59,5,,,517,26,#ADAFAA,0,8470617,Los Angeles Kings,2692778,LAK,,00:30
2012030321,LAK,Mike,Richards,1,11:29,12:24,6,,,517,26,#ADAFAA,0,8470617,Los Angeles Kings,2692779,LAK,,00:55
2012030321,LAK,Mike,Richards,1,14:23,15:01,7,,,517,26,#ADAFAA,0,8470617,Los Angeles Kings,2692780,LAK,,00:38
2012030321,LAK,Mike,Richards,1,17:13,17:49,8,,,517,26,#ADAFAA,0,8470617,Los Angeles Kings,2692781,LAK,,00:36
2012030321,LAK,Mike,Richards,2,00:00,00:50,9,,,517,26,#ADAFAA,0,8470617,Los Angeles Kings,2692782,LAK,,00:50
2012030321,LAK,Mike,Richards,2,02:29,02:48,10,,,517,26,#ADAFAA,0,8470617,Los Angeles Kings,2692783,LAK,,00:19
2012030321,LAK,Mike,Richards,2,05:31,05:58,11,,,517,26,#ADAFAA,0,8470617,Los Angeles Kings,2692784,LAK,,00:27
2012030321,LAK,Mike,Richards,2,07:14,07:54,12,,,517,26,#ADAFAA,0,8470617,Los Angeles Kings,2692785,LAK,,00:40
2012030321,LAK,Mike,Richards,2,10:32,11:21,13,,,517,26,#ADAFAA,0,8470617,Los Angeles Kings,2692786,LAK,,00:49
2012030321,LAK,Mike,Richards,2,12:29,12:47,14,,,517,26,#ADAFAA,0,8470617,Los Angeles Kings,2692787,LAK,,00:18
2012030321,LAK,Mike,Richards,2,13:08,13:39,15,,,517,26,#ADAFAA,0,8470617,Los Angeles Kings,2692788,LAK,,00:31
2012030321,LAK,Mike,Richards,2,15:43,16:22,16,,,517,26,#ADAFAA,0,8470617,Los Angeles Kings,2692789,LAK,,00:39
2012030321,LAK,Mike,Richards,2,18:54,20:00,17,,,517,26,#ADAFAA,0,8470617,Los Angeles Kings,2692790,LAK,,01:06
2012030321,LAK,Mike,Richards,3,00:00,00:42,18,,,517,26,#ADAFAA,0,8470617,Los Angeles Kings,2692791,LAK,,00:42
2012030321,LAK,Mike,Richards,3,02:48,03:01,19,,,517,26,#ADAFAA,0,8470617,Los Angeles Kings,2692792,LAK,,00:13
2012030321,LAK,Mike,Richards,3,05:45,06:17,20,,,517,26,#ADAFAA,0,8470617,Los Angeles Kings,2692793,LAK,,00:32
2012030321,LAK,Mike,Richards,3,07:19,08:13,21,,,517,26,#ADAFAA,0,8470617,Los Angeles Kings,2692794,LAK,,00:54
2012030321,LAK,Mike,Richards,3,09:28,10:27,22,,,517,26,#ADAFAA,0,8470617,Los Angeles Kings,2692795,LAK,,00:59
2012030321,LAK,Mike,Richards,3,11:58,12:57,23,,,517,26,#ADAFAA,0,8470617,Los Angeles Kings,2692796,LAK,,00:59
2012030321,LAK,Mike,Richards,3,14:09,15:35,24,,,517,26,#ADAFAA,0,8470617,Los Angeles Kings,2692797,LAK,,01:26
2012030321,LAK,Mike,Richards,3,17:51,18:19,25,,,517,26,#ADAFAA,0,8470617,Los Angeles Kings,2692798,LAK,,00:28
2012030321,CHI,Corey,Crawford,1,00:00,20:00,1,,,517,16,#111111,0,8470645,Chicago Blackhawks,2692799,CHI,,20:00
2012030321,CHI,Corey,Crawford,2,00:00,20:00,2,,,517,16,#111111,0,8470645,Chicago Blackhawks,2692800,CHI,,20:00
2012030321,CHI,Corey,Crawford,3,00:00,20:00,3,,,517,16,#111111,0,8470645,Chicago Blackhawks,2692801,CHI,,20:00
2012030321,LAK,Colin,Fraser,1,02:11,02:45,1,,,517,26,#ADAFAA,0,8470662,Los Angeles Kings,2692802,LAK,,00:34
2012030321,LAK,Colin,Fraser,1,05:27,06:12,2,,,517,26,#ADAFAA,0,8470662,Los Angeles Kings,2692803,LAK,,00:45
2012030321,LAK,Colin,Fraser,1,08:15,08:21,3,,,517,26,#ADAFAA,0,8470662,Los Angeles Kings,2692804,LAK,,00:06
2012030321,LAK,Colin,Fraser,1,13:52,14:23,4,,,517,26,#ADAFAA,0,8470662,Los Angeles Kings,2692805,LAK,,00:31
2012030321,LAK,Colin,Fraser,1,16:28,17:13,5,,,517,26,#ADAFAA,0,8470662,Los Angeles Kings,2692806,LAK,,00:45
2012030321,LAK,Colin,Fraser,2,01:54,02:29,6,,,517,26,#ADAFAA,0,8470662,Los Angeles Kings,2692807,LAK,,00:35
2012030321,LAK,Colin,Fraser,2,04:29,05:31,7,,,517,26,#ADAFAA,0,8470662,Los Angeles Kings,2692808,LAK,,01:02
2012030321,LAK,Colin,Fraser,2,07:54,08:43,8,,,517,26,#ADAFAA,0,8470662,Los Angeles Kings,2692809,LAK,,00:49
2012030321,LAK,Colin,Fraser,2,12:06,12:29,9,,,517,26,#ADAFAA,0,8470662,Los Angeles Kings,2692810,LAK,,00:23
2012030321,LAK,Colin,Fraser,2,15:12,15:43,10,,,517,26,#ADAFAA,0,8470662,Los Angeles Kings,2692811,LAK,,00:31
2012030321,LAK,Colin,Fraser,2,18:03,18:54,11,,,517,26,#ADAFAA,0,8470662,Los Angeles Kings,2692812,LAK,,00:51
2012030321,LAK,Colin,Fraser,3,01:58,02:48,12,,,517,26,#ADAFAA,0,8470662,Los Angeles Kings,2692813,LAK,,00:50
2012030321,LAK,Colin,Fraser,3,04:43,05:33,13,,,517,26,#ADAFAA,0,8470662,Los Angeles Kings,2692814,LAK,,00:50
2012030321,LAK,Colin,Fraser,3,15:35,16:29,14,,,517,26,#ADAFAA,0,8470662,Los Angeles Kings,2692815,LAK,,00:54
2012030321,LAK,Brad,Richardson,1,02:11,02:57,1,,,517,26,#ADAFAA,0,8470755,Los Angeles Kings,2692816,LAK,,00:46
2012030321,LAK,Brad,Richardson,1,05:37,06:12,2,,,517,26,#ADAFAA,0,8470755,Los Angeles Kings,2692817,LAK,,00:35
2012030321,LAK,Brad,Richardson,1,08:15,08:21,3,,,517,26,#ADAFAA,0,8470755,Los Angeles Kings,2692818,LAK,,00:06
2012030321,LAK,Brad,Richardson,1,11:11,11:29,4,,,517,26,#ADAFAA,0,8470755,Los Angeles Kings,2692819,LAK,,00:18
2012030321,LAK,Brad,Richardson,1,13:52,14:23,5,,,517,26,#ADAFAA,0,8470755,Los Angeles Kings,2692820,LAK,,00:31
2012030321,LAK,Brad,Richardson,1,16:46,17:20,6,,,517,26,#ADAFAA,0,8470755,Los Angeles Kings,2692821,LAK,,00:34
2012030321,LAK,Brad,Richardson,2,01:54,02:29,7,,,517,26,#ADAFAA,0,8470755,Los Angeles Kings,2692822,LAK,,00:35
2012030321,LAK,Brad,Richardson,2,04:29,05:19,8,,,517,26,#ADAFAA,0,8470755,Los Angeles Kings,2692823,LAK,,00:50
2012030321,LAK,Brad,Richardson,2,07:54,08:43,9,,,517,26,#ADAFAA,0,8470755,Los Angeles Kings,2692824,LAK,,00:49
2012030321,LAK,Brad,Richardson,2,12:14,12:29,10,,,517,26,#ADAFAA,0,8470755,Los Angeles Kings,2692825,LAK,,00:15
2012030321,LAK,Brad,Richardson,2,13:39,14:09,11,,,517,26,#ADAFAA,0,8470755,Los Angeles Kings,2692826,LAK,,00:30
2012030321,LAK,Brad,Richardson,2,17:19,18:03,12,,,517,26,#ADAFAA,0,8470755,Los Angeles Kings,2692827,LAK,,00:44
2012030321,LAK,Brad,Richardson,3,01:58,02:48,13,,,517,26,#ADAFAA,0,8470755,Los Angeles Kings,2692828,LAK,,00:50
2012030321,LAK,Brad,Richardson,3,04:43,05:45,14,,,517,26,#ADAFAA,0,8470755,Los Angeles Kings,2692829,LAK,,01:02
2012030321,LAK,Brad,Richardson,3,10:13,10:27,15,,,517,26,#ADAFAA,0,8470755,Los Angeles Kings,2692830,LAK,,00:14
2012030321,LAK,Brad,Richardson,3,15:24,16:11,16,,,517,26,#ADAFAA,0,8470755,Los Angeles Kings,2692831,LAK,,00:47
2012030321,LAK,Dustin,Penner,1,00:40,01:20,1,,,517,26,#ADAFAA,0,8471208,Los Angeles Kings,2692832,LAK,,00:40
2012030321,LAK,Dustin,Penner,1,04:03,04:38,2,,,517,26,#ADAFAA,0,8471208,Los Angeles Kings,2692833,LAK,,00:35
2012030321,LAK,Dustin,Penner,1,06:40,07:28,3,,,517,26,#ADAFAA,0,8471208,Los Angeles Kings,2692834,LAK,,00:48
2012030321,LAK,Dustin,Penner,1,10:25,11:00,4,,,517,26,#ADAFAA,0,8471208,Los Angeles Kings,2692835,LAK,,00:35
2012030321,LAK,Dustin,Penner,1,11:29,11:49,5,,,517,26,#ADAFAA,0,8471208,Los Angeles Kings,2692836,LAK,,00:20
2012030321,LAK,Dustin,Penner,1,13:49,14:12,6,,,517,26,#ADAFAA,0,8471208,Los Angeles Kings,2692837,LAK,,00:23
2012030321,LAK,Dustin,Penner,1,14:23,15:05,7,,,517,26,#ADAFAA,0,8471208,Los Angeles Kings,2692838,LAK,,00:42
2012030321,LAK,Dustin,Penner,1,17:24,17:58,8,,,517,26,#ADAFAA,0,8471208,Los Angeles Kings,2692839,LAK,,00:34
2012030321,LAK,Dustin,Penner,1,19:57,20:00,9,,,517,26,#ADAFAA,0,8471208,Los Angeles Kings,2692840,LAK,,00:03
2012030321,LAK,Dustin,Penner,2,00:00,00:50,10,,,517,26,#ADAFAA,0,8471208,Los Angeles Kings,2692841,LAK,,00:50
2012030321,LAK,Dustin,Penner,2,02:29,02:48,11,,,517,26,#ADAFAA,0,8471208,Los Angeles Kings,2692842,LAK,,00:19
2012030321,LAK,Dustin,Penner,2,05:12,06:07,12,,,517,26,#ADAFAA,0,8471208,Los Angeles Kings,2692843,LAK,,00:55
2012030321,LAK,Dustin,Penner,2,07:14,07:54,13,,,517,26,#ADAFAA,0,8471208,Los Angeles Kings,2692844,LAK,,00:40
2012030321,LAK,Dustin,Penner,2,10:50,11:21,14,,,517,26,#ADAFAA,0,8471208,Los Angeles Kings,2692845,LAK,,00:31
2012030321,LAK,Dustin,Penner,2,12:29,12:47,15,,,517,26,#ADAFAA,0,8471208,Los Angeles Kings,2692846,LAK,,00:18
2012030321,LAK,Dustin,Penner,2,14:47,15:17,16,,,517,26,#ADAFAA,0,8471208,Los Angeles Kings,2692847,LAK,,00:30
2012030321,LAK,Dustin,Penner,2,16:22,17:04,17,,,517,26,#ADAFAA,0,8471208,Los Angeles Kings,2692848,LAK,,00:42
2012030321,LAK,Dustin,Penner,2,18:59,20:00,18,,,517,26,#ADAFAA,0,8471208,Los Angeles Kings,2692849,LAK,,01:01
2012030321,LAK,Dustin,Penner,3,00:00,00:42,19,,,517,26,#ADAFAA,0,8471208,Los Angeles Kings,2692850,LAK,,00:42
2012030321,LAK,Dustin,Penner,3,02:48,03:01,20,,,517,26,#ADAFAA,0,8471208,Los Angeles Kings,2692851,LAK,,00:13
2012030321,LAK,Dustin,Penner,3,05:33,06:17,21,,,517,26,#ADAFAA,0,8471208,Los Angeles Kings,2692852,LAK,,00:44
2012030321,LAK,Dustin,Penner,3,09:03,09:28,22,,,517,26,#ADAFAA,0,8471208,Los Angeles Kings,2692853,LAK,,00:25
2012030321,LAK,Dustin,Penner,3,11:58,13:04,23,,,517,26,#ADAFAA,0,8471208,Los Angeles Kings,2692854,LAK,,01:06
2012030321,LAK,Dustin,Penner,3,14:19,15:24,24,,,517,26,#ADAFAA,0,8471208,Los Angeles Kings,2692855,LAK,,01:05
2012030321,LAK,Dustin,Penner,3,17:51,18:19,25,,,517,26,#ADAFAA,0,8471208,Los Angeles Kings,2692856,LAK,,00:28
2012030321,CHI,Dave,Bolland,1,02:12,02:59,1,,,517,16,#111111,0,8471245,Chicago Blackhawks,2692857,CHI,,00:47
2012030321,CHI,Dave,Bolland,1,05:43,05:59,2,,,517,16,#111111,0,8471245,Chicago Blackhawks,2692858,CHI,,00:16
2012030321,CHI,Dave,Bolland,1,08:15,08:21,3,,,517,16,#111111,0,8471245,Chicago Blackhawks,2692859,CHI,,00:06
2012030321,CHI,Dave,Bolland,1,09:59,10:29,4,,,517,16,#111111,0,8471245,Chicago Blackhawks,2692860,CHI,,00:30
2012030321,CHI,Dave,Bolland,1,14:02,14:23,5,,,517,16,#111111,0,8471245,Chicago Blackhawks,2692861,CHI,,00:21
2012030321,CHI,Dave,Bolland,1,18:07,18:56,6,,,517,16,#111111,0,8471245,Chicago Blackhawks,2692862,CHI,,00:49
2012030321,CHI,Dave,Bolland,2,02:48,03:10,7,,,517,16,#111111,0,8471245,Chicago Blackhawks,2692863,CHI,,00:22
2012030321,CHI,Dave,Bolland,2,05:31,06:24,8,,,517,16,#111111,0,8471245,Chicago Blackhawks,2692864,CHI,,00:53
2012030321,CHI,Dave,Bolland,2,09:43,10:24,9,,,517,16,#111111,0,8471245,Chicago Blackhawks,2692865,CHI,,00:41
2012030321,CHI,Dave,Bolland,2,11:39,12:08,10,,,517,16,#111111,0,8471245,Chicago Blackhawks,2692866,CHI,,00:29
2012030321,CHI,Dave,Bolland,2,14:59,15:54,11,,,517,16,#111111,0,8471245,Chicago Blackhawks,2692867,CHI,,00:55
2012030321,CHI,Dave,Bolland,2,19:45,20:00,12,,,517,16,#111111,0,8471245,Chicago Blackhawks,2692868,CHI,,00:15
2012030321,CHI,Dave,Bolland,3,01:37,01:58,13,,,517,16,#111111,0,8471245,Chicago Blackhawks,2692869,CHI,,00:21
2012030321,CHI,Dave,Bolland,3,03:58,04:43,14,,,517,16,#111111,0,8471245,Chicago Blackhawks,2692870,CHI,,00:45
2012030321,CHI,Dave,Bolland,3,06:45,07:19,15,,,517,16,#111111,0,8471245,Chicago Blackhawks,2692871,CHI,,00:34
2012030321,CHI,Dave,Bolland,3,11:57,12:51,16,,,517,16,#111111,0,8471245,Chicago Blackhawks,2692872,CHI,,00:54
2012030321,CHI,Dave,Bolland,3,14:56,15:30,17,,,517,16,#111111,0,8471245,Chicago Blackhawks,2692873,CHI,,00:34
2012030321,CHI,Dave,Bolland,3,17:47,18:19,18,,,517,16,#111111,0,8471245,Chicago Blackhawks,2692874,CHI,,00:32
2012030321,CHI,Bryan,Bickell,1,00:00,00:43,1,,,517,16,#111111,0,8471254,Chicago Blackhawks,2692875,CHI,,00:43
2012030321,CHI,Bryan,Bickell,1,02:59,04:04,2,,,517,16,#111111,0,8471254,Chicago Blackhawks,2692876,CHI,,01:05
2012030321,CHI,Bryan,Bickell,1,05:59,06:44,3,,,517,16,#111111,0,8471254,Chicago Blackhawks,2692877,CHI,,00:45
2012030321,CHI,Bryan,Bickell,1,10:48,11:24,4,,,517,16,#111111,0,8471254,Chicago Blackhawks,2692878,CHI,,00:36
2012030321,CHI,Bryan,Bickell,1,12:44,14:02,5,,,517,16,#111111,0,8471254,Chicago Blackhawks,2692879,CHI,,01:18
2012030321,CHI,Bryan,Bickell,1,14:23,15:05,6,,,517,16,#111111,0,8471254,Chicago Blackhawks,2692880,CHI,,00:42
2012030321,CHI,Bryan,Bickell,1,16:33,17:23,7,,,517,16,#111111,0,8471254,Chicago Blackhawks,2692881,CHI,,00:50
2012030321,CHI,Bryan,Bickell,1,19:56,20:00,8,,,517,16,#111111,0,8471254,Chicago Blackhawks,2692882,CHI,,00:04
2012030321,CHI,Bryan,Bickell,2,00:00,00:48,9,,,517,16,#111111,0,8471254,Chicago Blackhawks,2692883,CHI,,00:48
2012030321,CHI,Bryan,Bickell,2,01:54,02:29,10,,,517,16,#111111,0,8471254,Chicago Blackhawks,2692884,CHI,,00:35
2012030321,CHI,Bryan,Bickell,2,03:52,04:29,11,,,517,16,#111111,0,8471254,Chicago Blackhawks,2692885,CHI,,00:37
2012030321,CHI,Bryan,Bickell,2,07:54,08:50,12,,,517,16,#111111,0,8471254,Chicago Blackhawks,2692886,CHI,,00:56
2012030321,CHI,Bryan,Bickell,2,10:24,11:25,13,,,517,16,#111111,0,8471254,Chicago Blackhawks,2692887,CHI,,01:01
2012030321,CHI,Bryan,Bickell,2,13:38,14:59,14,,,517,16,#111111,0,8471254,Chicago Blackhawks,2692888,CHI,,01:21
2012030321,CHI,Bryan,Bickell,2,15:54,16:22,15,,,517,16,#111111,0,8471254,Chicago Blackhawks,2692889,CHI,,00:28
2012030321,CHI,Bryan,Bickell,2,18:03,18:59,16,,,517,16,#111111,0,8471254,Chicago Blackhawks,2692890,CHI,,00:56
2012030321,CHI,Bryan,Bickell,3,00:00,00:40,17,,,517,16,#111111,0,8471254,Chicago Blackhawks,2692891,CHI,,00:40
2012030321,CHI,Bryan,Bickell,3,02:38,03:20,18,,,517,16,#111111,0,8471254,Chicago Blackhawks,2692892,CHI,,00:42
2012030321,CHI,Bryan,Bickell,3,05:27,06:22,19,,,517,16,#111111,0,8471254,Chicago Blackhawks,2692893,CHI,,00:55
2012030321,CHI,Bryan,Bickell,3,09:51,10:27,20,,,517,16,#111111,0,8471254,Chicago Blackhawks,2692894,CHI,,00:36
2012030321,CHI,Bryan,Bickell,3,12:42,13:26,21,,,517,16,#111111,0,8471254,Chicago Blackhawks,2692895,CHI,,00:44
2012030321,CHI,Bryan,Bickell,3,15:24,16:12,22,,,517,16,#111111,0,8471254,Chicago Blackhawks,2692896,CHI,,00:48
2012030321,LAK,Anze,Kopitar,1,00:00,00:40,1,,,517,26,#ADAFAA,0,8471685,Los Angeles Kings,2692897,LAK,,00:40
2012030321,LAK,Anze,Kopitar,1,02:45,04:03,2,,,517,26,#ADAFAA,0,8471685,Los Angeles Kings,2692898,LAK,,01:18
2012030321,LAK,Anze,Kopitar,1,06:12,06:40,3,,,517,26,#ADAFAA,0,8471685,Los Angeles Kings,2692899,LAK,,00:28
2012030321,LAK,Anze,Kopitar,1,08:21,08:29,4,,,517,26,#ADAFAA,0,8471685,Los Angeles Kings,2692900,LAK,,00:08
2012030321,LAK,Anze,Kopitar,1,08:37,09:29,5,,,517,26,#ADAFAA,0,8471685,Los Angeles Kings,2692901,LAK,,00:52
2012030321,LAK,Anze,Kopitar,1,10:33,11:29,6,,,517,26,#ADAFAA,0,8471685,Los Angeles Kings,2692902,LAK,,00:56
2012030321,LAK,Anze,Kopitar,1,11:49,11:56,7,,,517,26,#ADAFAA,0,8471685,Los Angeles Kings,2692903,LAK,,00:07
2012030321,LAK,Anze,Kopitar,1,12:46,13:52,8,,,517,26,#ADAFAA,0,8471685,Los Angeles Kings,2692904,LAK,,01:06
2012030321,LAK,Anze,Kopitar,1,15:41,16:28,9,,,517,26,#ADAFAA,0,8471685,Los Angeles Kings,2692905,LAK,,00:47
2012030321,LAK,Anze,Kopitar,1,18:45,19:57,10,,,517,26,#ADAFAA,0,8471685,Los Angeles Kings,2692906,LAK,,01:12
2012030321,LAK,Anze,Kopitar,2,01:36,01:54,11,,,517,26,#ADAFAA,0,8471685,Los Angeles Kings,2692907,LAK,,00:18
2012030321,LAK,Anze,Kopitar,2,03:39,04:29,12,,,517,26,#ADAFAA,0,8471685,Los Angeles Kings,2692908,LAK,,00:50
2012030321,LAK,Anze,Kopitar,2,06:37,07:14,13,,,517,26,#ADAFAA,0,8471685,Los Angeles Kings,2692909,LAK,,00:37
2012030321,LAK,Anze,Kopitar,2,09:38,10:32,14,,,517,26,#ADAFAA,0,8471685,Los Angeles Kings,2692910,LAK,,00:54
2012030321,LAK,Anze,Kopitar,2,12:47,13:08,15,,,517,26,#ADAFAA,0,8471685,Los Angeles Kings,2692911,LAK,,00:21
2012030321,LAK,Anze,Kopitar,2,14:09,15:12,16,,,517,26,#ADAFAA,0,8471685,Los Angeles Kings,2692912,LAK,,01:03
2012030321,LAK,Anze,Kopitar,2,17:13,18:03,17,,,517,26,#ADAFAA,0,8471685,Los Angeles Kings,2692913,LAK,,00:50
2012030321,LAK,Anze,Kopitar,3,01:37,01:58,18,,,517,26,#ADAFAA,0,8471685,Los Angeles Kings,2692914,LAK,,00:21
2012030321,LAK,Anze,Kopitar,3,04:43,05:45,19,,,517,26,#ADAFAA,0,8471685,Los Angeles Kings,2692915,LAK,,01:02
2012030321,LAK,Anze,Kopitar,3,07:19,08:13,20,,,517,26,#ADAFAA,0,8471685,Los Angeles Kings,2692916,LAK,,00:54
2012030321,LAK,Anze,Kopitar,3,10:27,11:21,21,,,517,26,#ADAFAA,0,8471685,Los Angeles Kings,2692917,LAK,,00:54
2012030321,LAK,Anze,Kopitar,3,12:57,13:36,22,,,517,26,#ADAFAA,0,8471685,Los Angeles Kings,2692918,LAK,,00:39
2012030321,LAK,Anze,Kopitar,3,16:11,17:10,23,,,517,26,#ADAFAA,0,8471685,Los Angeles Kings,2692919,LAK,,00:59
2012030321,LAK,Anze,Kopitar,3,17:38,17:51,24,,,517,26,#ADAFAA,0,8471685,Los Angeles Kings,2692920,LAK,,00:13
2012030321,LAK,Anze,Kopitar,3,18:19,20:00,25,,,517,26,#ADAFAA,0,8471685,Los Angeles Kings,2692921,LAK,,01:41
2012030321,LAK,Jonathan,Quick,1,00:00,20:00,1,,,517,26,#ADAFAA,0,8471734,Los Angeles Kings,2692922,LAK,,20:00
2012030321,LAK,Jonathan,Quick,2,00:00,20:00,2,,,517,26,#ADAFAA,0,8471734,Los Angeles Kings,2692923,LAK,,20:00
2012030321,LAK,Jonathan,Quick,3,00:00,20:00,3,,,517,26,#ADAFAA,0,8471734,Los Angeles Kings,2692924,LAK,,20:00
2012030321,CHI,Niklas,Hjalmarsson,1,00:40,01:21,1,,,517,16,#111111,0,8471769,Chicago Blackhawks,2692925,CHI,,00:41
2012030321,CHI,Niklas,Hjalmarsson,1,02:18,02:54,2,,,517,16,#111111,0,8471769,Chicago Blackhawks,2692926,CHI,,00:36
2012030321,CHI,Niklas,Hjalmarsson,1,04:04,04:47,3,,,517,16,#111111,0,8471769,Chicago Blackhawks,2692927,CHI,,00:43
2012030321,CHI,Niklas,Hjalmarsson,1,05:35,05:59,4,,,517,16,#111111,0,8471769,Chicago Blackhawks,2692928,CHI,,00:24
2012030321,CHI,Niklas,Hjalmarsson,1,06:44,07:35,5,,,517,16,#111111,0,8471769,Chicago Blackhawks,2692929,CHI,,00:51
2012030321,CHI,Niklas,Hjalmarsson,1,09:24,09:59,6,,,517,16,#111111,0,8471769,Chicago Blackhawks,2692930,CHI,,00:35
2012030321,CHI,Niklas,Hjalmarsson,1,11:13,11:49,7,,,517,16,#111111,0,8471769,Chicago Blackhawks,2692931,CHI,,00:36
2012030321,CHI,Niklas,Hjalmarsson,1,13:48,14:13,8,,,517,16,#111111,0,8471769,Chicago Blackhawks,2692932,CHI,,00:25
2012030321,CHI,Niklas,Hjalmarsson,1,14:23,15:03,9,,,517,16,#111111,0,8471769,Chicago Blackhawks,2692933,CHI,,00:40
2012030321,CHI,Niklas,Hjalmarsson,1,15:44,16:39,10,,,517,16,#111111,0,8471769,Chicago Blackhawks,2692934,CHI,,00:55
2012030321,CHI,Niklas,Hjalmarsson,1,17:23,17:58,11,,,517,16,#111111,0,8471769,Chicago Blackhawks,2692935,CHI,,00:35
2012030321,CHI,Niklas,Hjalmarsson,2,00:44,01:06,12,,,517,16,#111111,0,8471769,Chicago Blackhawks,2692936,CHI,,00:22
2012030321,CHI,Niklas,Hjalmarsson,2,01:46,02:29,13,,,517,16,#111111,0,8471769,Chicago Blackhawks,2692937,CHI,,00:43
2012030321,CHI,Niklas,Hjalmarsson,2,05:25,06:29,14,,,517,16,#111111,0,8471769,Chicago Blackhawks,2692938,CHI,,01:04
2012030321,CHI,Niklas,Hjalmarsson,2,06:52,07:45,15,,,517,16,#111111,0,8471769,Chicago Blackhawks,2692939,CHI,,00:53
2012030321,CHI,Niklas,Hjalmarsson,2,09:40,10:24,16,,,517,16,#111111,0,8471769,Chicago Blackhawks,2692940,CHI,,00:44
2012030321,CHI,Niklas,Hjalmarsson,2,12:27,12:47,17,,,517,16,#111111,0,8471769,Chicago Blackhawks,2692941,CHI,,00:20
2012030321,CHI,Niklas,Hjalmarsson,2,14:59,16:08,18,,,517,16,#111111,0,8471769,Chicago Blackhawks,2692942,CHI,,01:09
2012030321,CHI,Niklas,Hjalmarsson,2,17:03,18:03,19,,,517,16,#111111,0,8471769,Chicago Blackhawks,2692943,CHI,,01:00
2012030321,CHI,Niklas,Hjalmarsson,2,19:16,20:00,20,,,517,16,#111111,0,8471769,Chicago Blackhawks,2692944,CHI,,00:44
2012030321,CHI,Niklas,Hjalmarsson,3,01:37,02:38,21,,,517,16,#111111,0,8471769,Chicago Blackhawks,2692945,CHI,,01:01
2012030321,CHI,Niklas,Hjalmarsson,3,03:27,04:07,22,,,517,16,#111111,0,8471769,Chicago Blackhawks,2692946,CHI,,00:40
2012030321,CHI,Niklas,Hjalmarsson,3,04:43,05:43,23,,,517,16,#111111,0,8471769,Chicago Blackhawks,2692947,CHI,,01:00
2012030321,CHI,Niklas,Hjalmarsson,3,07:19,08:11,24,,,517,16,#111111,0,8471769,Chicago Blackhawks,2692948,CHI,,00:52
2012030321,CHI,Niklas,Hjalmarsson,3,09:03,09:14,25,,,517,16,#111111,0,8471769,Chicago Blackhawks,2692949,CHI,,00:11
2012030321,CHI,Niklas,Hjalmarsson,3,10:23,11:05,26,,,517,16,#111111,0,8471769,Chicago Blackhawks,2692950,CHI,,00:42
2012030321,CHI,Niklas,Hjalmarsson,3,13:08,13:36,27,,,517,16,#111111,0,8471769,Chicago Blackhawks,2692951,CHI,,00:28
2012030321,CHI,Niklas,Hjalmarsson,3,15:20,16:26,28,,,517,16,#111111,0,8471769,Chicago Blackhawks,2692952,CHI,,01:06
2012030321,CHI,Niklas,Hjalmarsson,3,17:00,17:47,29,,,517,16,#111111,0,8471769,Chicago Blackhawks,2692953,CHI,,00:47
2012030321,CHI,Niklas,Hjalmarsson,3,19:12,20:00,30,,,517,16,#111111,0,8471769,Chicago Blackhawks,2692954,CHI,,00:48
2012030321,LAK,Trevor,Lewis,1,01:20,02:11,1,,,517,26,#ADAFAA,0,8473453,Los Angeles Kings,2692955,LAK,,00:51
2012030321,LAK,Trevor,Lewis,1,04:53,05:37,2,,,517,26,#ADAFAA,0,8473453,Los Angeles Kings,2692956,LAK,,00:44
2012030321,LAK,Trevor,Lewis,1,07:28,08:15,3,,,517,26,#ADAFAA,0,8473453,Los Angeles Kings,2692957,LAK,,00:47
2012030321,LAK,Trevor,Lewis,1,09:59,10:33,4,,,517,26,#ADAFAA,0,8473453,Los Angeles Kings,2692958,LAK,,00:34
2012030321,LAK,Trevor,Lewis,1,12:14,12:46,5,,,517,26,#ADAFAA,0,8473453,Los Angeles Kings,2692959,LAK,,00:32
2012030321,LAK,Trevor,Lewis,1,15:05,15:53,6,,,517,26,#ADAFAA,0,8473453,Los Angeles Kings,2692960,LAK,,00:48
2012030321,LAK,Trevor,Lewis,1,18:07,19:02,7,,,517,26,#ADAFAA,0,8473453,Los Angeles Kings,2692961,LAK,,00:55
2012030321,LAK,Trevor,Lewis,2,00:50,01:36,8,,,517,26,#ADAFAA,0,8473453,Los Angeles Kings,2692962,LAK,,00:46
2012030321,LAK,Trevor,Lewis,2,02:48,03:39,9,,,517,26,#ADAFAA,0,8473453,Los Angeles Kings,2692963,LAK,,00:51
2012030321,LAK,Trevor,Lewis,2,06:07,06:37,10,,,517,26,#ADAFAA,0,8473453,Los Angeles Kings,2692964,LAK,,00:30
2012030321,LAK,Trevor,Lewis,2,08:43,09:43,11,,,517,26,#ADAFAA,0,8473453,Los Angeles Kings,2692965,LAK,,01:00
2012030321,LAK,Trevor,Lewis,2,11:39,12:14,12,,,517,26,#ADAFAA,0,8473453,Los Angeles Kings,2692966,LAK,,00:35
2012030321,LAK,Trevor,Lewis,2,13:39,14:09,13,,,517,26,#ADAFAA,0,8473453,Los Angeles Kings,2692967,LAK,,00:30
2012030321,LAK,Trevor,Lewis,2,16:22,17:19,14,,,517,26,#ADAFAA,0,8473453,Los Angeles Kings,2692968,LAK,,00:57
2012030321,LAK,Trevor,Lewis,3,00:42,01:02,15,,,517,26,#ADAFAA,0,8473453,Los Angeles Kings,2692969,LAK,,00:20
2012030321,LAK,Trevor,Lewis,3,03:54,04:43,16,,,517,26,#ADAFAA,0,8473453,Los Angeles Kings,2692970,LAK,,00:49
2012030321,LAK,Trevor,Lewis,3,06:47,07:19,17,,,517,26,#ADAFAA,0,8473453,Los Angeles Kings,2692971,LAK,,00:32
2012030321,LAK,Trevor,Lewis,3,08:13,09:03,18,,,517,26,#ADAFAA,0,8473453,Los Angeles Kings,2692972,LAK,,00:50
2012030321,LAK,Trevor,Lewis,3,11:16,11:58,19,,,517,26,#ADAFAA,0,8473453,Los Angeles Kings,2692973,LAK,,00:42
2012030321,LAK,Trevor,Lewis,3,13:36,14:19,20,,,517,26,#ADAFAA,0,8473453,Los Angeles Kings,2692974,LAK,,00:43
2012030321,LAK,Trevor,Lewis,3,17:38,17:51,21,,,517,26,#ADAFAA,0,8473453,Los Angeles Kings,2692975,LAK,,00:13
2012030321,CHI,Viktor,Stalberg,1,01:21,02:12,1,,,517,16,#111111,0,8473537,Chicago Blackhawks,2692976,CHI,,00:51
2012030321,CHI,Viktor,Stalberg,1,04:47,05:49,2,,,517,16,#111111,0,8473537,Chicago Blackhawks,2692977,CHI,,01:02
2012030321,CHI,Viktor,Stalberg,1,07:33,08:15,3,,,517,16,#111111,0,8473537,Chicago Blackhawks,2692978,CHI,,00:42
2012030321,CHI,Viktor,Stalberg,1,15:53,16:28,4,,,517,16,#111111,0,8473537,Chicago Blackhawks,2692979,CHI,,00:35
2012030321,CHI,Viktor,Stalberg,1,19:01,19:50,5,,,517,16,#111111,0,8473537,Chicago Blackhawks,2692980,CHI,,00:49
2012030321,CHI,Viktor,Stalberg,2,01:46,01:54,6,,,517,16,#111111,0,8473537,Chicago Blackhawks,2692981,CHI,,00:08
2012030321,CHI,Viktor,Stalberg,2,02:29,02:48,7,,,517,16,#111111,0,8473537,Chicago Blackhawks,2692982,CHI,,00:19
2012030321,CHI,Viktor,Stalberg,2,04:29,05:46,8,,,517,16,#111111,0,8473537,Chicago Blackhawks,2692983,CHI,,01:17
2012030321,CHI,Viktor,Stalberg,2,07:54,08:54,9,,,517,16,#111111,0,8473537,Chicago Blackhawks,2692984,CHI,,01:00
2012030321,CHI,Viktor,Stalberg,2,17:17,18:03,10,,,517,16,#111111,0,8473537,Chicago Blackhawks,2692985,CHI,,00:46
2012030321,CHI,Viktor,Stalberg,3,01:58,02:38,11,,,517,16,#111111,0,8473537,Chicago Blackhawks,2692986,CHI,,00:40
2012030321,CHI,Viktor,Stalberg,3,04:43,05:43,12,,,517,16,#111111,0,8473537,Chicago Blackhawks,2692987,CHI,,01:00
2012030321,CHI,Viktor,Stalberg,3,11:01,11:39,13,,,517,16,#111111,0,8473537,Chicago Blackhawks,2692988,CHI,,00:38
2012030321,CHI,Viktor,Stalberg,3,13:59,14:56,14,,,517,16,#111111,0,8473537,Chicago Blackhawks,2692989,CHI,,00:57
2012030321,CHI,Viktor,Stalberg,3,17:00,17:47,15,,,517,16,#111111,0,8473537,Chicago Blackhawks,2692990,CHI,,00:47
2012030321,CHI,Michael,Frolik,1,02:12,02:49,1,,,517,16,#111111,0,8473564,Chicago Blackhawks,2692991,CHI,,00:37
2012030321,CHI,Michael,Frolik,1,05:49,05:59,2,,,517,16,#111111,0,8473564,Chicago Blackhawks,2692992,CHI,,00:10
2012030321,CHI,Michael,Frolik,1,08:15,08:21,3,,,517,16,#111111,0,8473564,Chicago Blackhawks,2692993,CHI,,00:06
2012030321,CHI,Michael,Frolik,1,10:29,10:55,4,,,517,16,#111111,0,8473564,Chicago Blackhawks,2692994,CHI,,00:26
2012030321,CHI,Michael,Frolik,1,14:02,14:23,5,,,517,16,#111111,0,8473564,Chicago Blackhawks,2692995,CHI,,00:21
2012030321,CHI,Michael,Frolik,1,17:58,19:01,6,,,517,16,#111111,0,8473564,Chicago Blackhawks,2692996,CHI,,01:03
2012030321,CHI,Michael,Frolik,2,02:48,03:10,7,,,517,16,#111111,0,8473564,Chicago Blackhawks,2692997,CHI,,00:22
2012030321,CHI,Michael,Frolik,2,05:46,06:36,8,,,517,16,#111111,0,8473564,Chicago Blackhawks,2692998,CHI,,00:50
2012030321,CHI,Michael,Frolik,2,09:43,10:31,9,,,517,16,#111111,0,8473564,Chicago Blackhawks,2692999,CHI,,00:48
2012030321,CHI,Michael,Frolik,2,11:39,12:17,10,,,517,16,#111111,0,8473564,Chicago Blackhawks,2693000,CHI,,00:38
2012030321,CHI,Michael,Frolik,2,14:59,15:54,11,,,517,16,#111111,0,8473564,Chicago Blackhawks,2693001,CHI,,00:55
2012030321,CHI,Michael,Frolik,2,19:50,20:00,12,,,517,16,#111111,0,8473564,Chicago Blackhawks,2693002,CHI,,00:10
2012030321,CHI,Michael,Frolik,3,01:37,01:58,13,,,517,16,#111111,0,8473564,Chicago Blackhawks,2693003,CHI,,00:21
2012030321,CHI,Michael,Frolik,3,04:05,04:43,14,,,517,16,#111111,0,8473564,Chicago Blackhawks,2693004,CHI,,00:38
2012030321,CHI,Michael,Frolik,3,07:05,08:13,15,,,517,16,#111111,0,8473564,Chicago Blackhawks,2693005,CHI,,01:08
2012030321,CHI,Michael,Frolik,3,08:35,09:03,16,,,517,16,#111111,0,8473564,Chicago Blackhawks,2693006,CHI,,00:28
2012030321,CHI,Michael,Frolik,3,11:39,12:42,17,,,517,16,#111111,0,8473564,Chicago Blackhawks,2693007,CHI,,01:03
2012030321,CHI,Michael,Frolik,3,14:56,15:36,18,,,517,16,#111111,0,8473564,Chicago Blackhawks,2693008,CHI,,00:40
2012030321,CHI,Michael,Frolik,3,17:47,18:19,19,,,517,16,#111111,0,8473564,Chicago Blackhawks,2693009,CHI,,00:32
2012030321,CHI,Jonathan,Toews,1,00:00,00:37,1,,,517,16,#111111,0,8473604,Chicago Blackhawks,2693010,CHI,,00:37
2012030321,CHI,Jonathan,Toews,1,02:59,04:04,2,,,517,16,#111111,0,8473604,Chicago Blackhawks,2693011,CHI,,01:05
2012030321,CHI,Jonathan,Toews,1,05:59,06:44,3,,,517,16,#111111,0,8473604,Chicago Blackhawks,2693012,CHI,,00:45
2012030321,CHI,Jonathan,Toews,1,08:21,09:24,4,,,517,16,#111111,0,8473604,Chicago Blackhawks,2693013,CHI,,01:03
2012030321,CHI,Jonathan,Toews,1,10:45,11:29,5,,,517,16,#111111,0,8473604,Chicago Blackhawks,2693014,CHI,,00:44
2012030321,CHI,Jonathan,Toews,1,11:49,12:44,6,,,517,16,#111111,0,8473604,Chicago Blackhawks,2693015,CHI,,00:55
2012030321,CHI,Jonathan,Toews,1,14:23,15:05,7,,,517,16,#111111,0,8473604,Chicago Blackhawks,2693016,CHI,,00:42
2012030321,CHI,Jonathan,Toews,1,16:33,17:19,8,,,517,16,#111111,0,8473604,Chicago Blackhawks,2693017,CHI,,00:46
2012030321,CHI,Jonathan,Toews,2,00:00,00:48,9,,,517,16,#111111,0,8473604,Chicago Blackhawks,2693018,CHI,,00:48
2012030321,CHI,Jonathan,Toews,2,01:54,02:29,10,,,517,16,#111111,0,8473604,Chicago Blackhawks,2693019,CHI,,00:35
2012030321,CHI,Jonathan,Toews,2,03:39,04:29,11,,,517,16,#111111,0,8473604,Chicago Blackhawks,2693020,CHI,,00:50
2012030321,CHI,Jonathan,Toews,2,07:14,07:54,12,,,517,16,#111111,0,8473604,Chicago Blackhawks,2693021,CHI,,00:40
2012030321,CHI,Jonathan,Toews,2,10:24,11:39,13,,,517,16,#111111,0,8473604,Chicago Blackhawks,2693022,CHI,,01:15
2012030321,CHI,Jonathan,Toews,2,12:47,13:38,14,,,517,16,#111111,0,8473604,Chicago Blackhawks,2693023,CHI,,00:51
2012030321,CHI,Jonathan,Toews,2,15:54,16:22,15,,,517,16,#111111,0,8473604,Chicago Blackhawks,2693024,CHI,,00:28
2012030321,CHI,Jonathan,Toews,2,18:03,18:59,16,,,517,16,#111111,0,8473604,Chicago Blackhawks,2693025,CHI,,00:56
2012030321,CHI,Jonathan,Toews,3,00:00,00:40,17,,,517,16,#111111,0,8473604,Chicago Blackhawks,2693026,CHI,,00:40
2012030321,CHI,Jonathan,Toews,3,02:46,03:22,18,,,517,16,#111111,0,8473604,Chicago Blackhawks,2693027,CHI,,00:36
2012030321,CHI,Jonathan,Toews,3,05:27,05:55,19,,,517,16,#111111,0,8473604,Chicago Blackhawks,2693028,CHI,,00:28
2012030321,CHI,Jonathan,Toews,3,08:13,08:35,20,,,517,16,#111111,0,8473604,Chicago Blackhawks,2693029,CHI,,00:22
2012030321,CHI,Jonathan,Toews,3,09:51,10:24,21,,,517,16,#111111,0,8473604,Chicago Blackhawks,2693030,CHI,,00:33
2012030321,CHI,Jonathan,Toews,3,12:51,13:26,22,,,517,16,#111111,0,8473604,Chicago Blackhawks,2693031,CHI,,00:35
2012030321,CHI,Jonathan,Toews,3,15:30,16:12,23,,,517,16,#111111,0,8473604,Chicago Blackhawks,2693032,CHI,,00:42
2012030321,CHI,Jonathan,Toews,3,18:19,19:12,24,,,517,16,#111111,0,8473604,Chicago Blackhawks,2693033,CHI,,00:53
2012030321,LAK,Dwight,King,1,01:20,02:11,1,,,517,26,#ADAFAA,0,8474100,Los Angeles Kings,2693034,LAK,,00:51
2012030321,LAK,Dwight,King,1,04:38,05:27,2,,,517,26,#ADAFAA,0,8474100,Los Angeles Kings,2693035,LAK,,00:49
2012030321,LAK,Dwight,King,1,07:28,08:08,3,,,517,26,#ADAFAA,0,8474100,Los Angeles Kings,2693036,LAK,,00:40
2012030321,LAK,Dwight,King,1,11:00,11:29,4,,,517,26,#ADAFAA,0,8474100,Los Angeles Kings,2693037,LAK,,00:29
2012030321,LAK,Dwight,King,1,15:05,15:53,5,,,517,26,#ADAFAA,0,8474100,Los Angeles Kings,2693038,LAK,,00:48
2012030321,LAK,Dwight,King,1,17:58,18:45,6,,,517,26,#ADAFAA,0,8474100,Los Angeles Kings,2693039,LAK,,00:47
2012030321,LAK,Dwight,King,2,00:50,01:36,7,,,517,26,#ADAFAA,0,8474100,Los Angeles Kings,2693040,LAK,,00:46
2012030321,LAK,Dwight,King,2,02:48,03:39,8,,,517,26,#ADAFAA,0,8474100,Los Angeles Kings,2693041,LAK,,00:51
2012030321,LAK,Dwight,King,2,05:58,06:50,9,,,517,26,#ADAFAA,0,8474100,Los Angeles Kings,2693042,LAK,,00:52
2012030321,LAK,Dwight,King,2,08:43,09:43,10,,,517,26,#ADAFAA,0,8474100,Los Angeles Kings,2693043,LAK,,01:00
2012030321,LAK,Dwight,King,2,11:21,12:14,11,,,517,26,#ADAFAA,0,8474100,Los Angeles Kings,2693044,LAK,,00:53
2012030321,LAK,Dwight,King,2,15:43,16:22,12,,,517,26,#ADAFAA,0,8474100,Los Angeles Kings,2693045,LAK,,00:39
2012030321,LAK,Dwight,King,3,00:42,00:52,13,,,517,26,#ADAFAA,0,8474100,Los Angeles Kings,2693046,LAK,,00:10
2012030321,LAK,Dwight,King,3,01:02,01:37,14,,,517,26,#ADAFAA,0,8474100,Los Angeles Kings,2693047,LAK,,00:35
2012030321,LAK,Dwight,King,3,03:01,03:54,15,,,517,26,#ADAFAA,0,8474100,Los Angeles Kings,2693048,LAK,,00:53
2012030321,LAK,Dwight,King,3,06:17,07:19,16,,,517,26,#ADAFAA,0,8474100,Los Angeles Kings,2693049,LAK,,01:02
2012030321,LAK,Dwight,King,3,09:03,10:13,17,,,517,26,#ADAFAA,0,8474100,Los Angeles Kings,2693050,LAK,,01:10
2012030321,LAK,Dwight,King,3,11:16,11:58,18,,,517,26,#ADAFAA,0,8474100,Los Angeles Kings,2693051,LAK,,00:42
2012030321,LAK,Dwight,King,3,13:36,14:19,19,,,517,26,#ADAFAA,0,8474100,Los Angeles Kings,2693052,LAK,,00:43
2012030321,LAK,Dwight,King,3,16:59,17:51,20,,,517,26,#ADAFAA,0,8474100,Los Angeles Kings,2693053,LAK,,00:52
2012030321,CHI,Patrick,Kane,1,00:40,01:21,1,,,517,16,#111111,0,8474141,Chicago Blackhawks,2693054,CHI,,00:41
2012030321,CHI,Patrick,Kane,1,04:04,04:47,2,,,517,16,#111111,0,8474141,Chicago Blackhawks,2693055,CHI,,00:43
2012030321,CHI,Patrick,Kane,1,06:52,07:33,3,,,517,16,#111111,0,8474141,Chicago Blackhawks,2693056,CHI,,00:41
2012030321,CHI,Patrick,Kane,1,08:47,09:24,4,,,517,16,#111111,0,8474141,Chicago Blackhawks,2693057,CHI,,00:37
2012030321,CHI,Patrick,Kane,1,09:59,10:29,5,,,517,16,#111111,0,8474141,Chicago Blackhawks,2693058,CHI,,00:30
2012030321,CHI,Patrick,Kane,1,11:29,11:49,6,,,517,16,#111111,0,8474141,Chicago Blackhawks,2693059,CHI,,00:20
2012030321,CHI,Patrick,Kane,1,12:44,13:45,7,,,517,16,#111111,0,8474141,Chicago Blackhawks,2693060,CHI,,01:01
2012030321,CHI,Patrick,Kane,1,15:05,15:53,8,,,517,16,#111111,0,8474141,Chicago Blackhawks,2693061,CHI,,00:48
2012030321,CHI,Patrick,Kane,1,17:14,17:58,9,,,517,16,#111111,0,8474141,Chicago Blackhawks,2693062,CHI,,00:44
2012030321,CHI,Patrick,Kane,2,00:48,01:46,10,,,517,16,#111111,0,8474141,Chicago Blackhawks,2693063,CHI,,00:58
2012030321,CHI,Patrick,Kane,2,03:10,03:39,11,,,517,16,#111111,0,8474141,Chicago Blackhawks,2693064,CHI,,00:29
2012030321,CHI,Patrick,Kane,2,06:36,07:14,12,,,517,16,#111111,0,8474141,Chicago Blackhawks,2693065,CHI,,00:38
2012030321,CHI,Patrick,Kane,2,08:54,09:43,13,,,517,16,#111111,0,8474141,Chicago Blackhawks,2693066,CHI,,00:49
2012030321,CHI,Patrick,Kane,2,12:17,12:47,14,,,517,16,#111111,0,8474141,Chicago Blackhawks,2693067,CHI,,00:30
2012030321,CHI,Patrick,Kane,2,13:38,14:59,15,,,517,16,#111111,0,8474141,Chicago Blackhawks,2693068,CHI,,01:21
2012030321,CHI,Patrick,Kane,2,16:22,17:17,16,,,517,16,#111111,0,8474141,Chicago Blackhawks,2693069,CHI,,00:55
2012030321,CHI,Patrick,Kane,2,19:10,19:50,17,,,517,16,#111111,0,8474141,Chicago Blackhawks,2693070,CHI,,00:40
2012030321,CHI,Patrick,Kane,3,00:40,01:37,18,,,517,16,#111111,0,8474141,Chicago Blackhawks,2693071,CHI,,00:57
2012030321,CHI,Patrick,Kane,3,03:22,04:05,19,,,517,16,#111111,0,8474141,Chicago Blackhawks,2693072,CHI,,00:43
2012030321,CHI,Patrick,Kane,3,06:22,07:05,20,,,517,16,#111111,0,8474141,Chicago Blackhawks,2693073,CHI,,00:43
2012030321,CHI,Patrick,Kane,3,09:22,09:51,21,,,517,16,#111111,0,8474141,Chicago Blackhawks,2693074,CHI,,00:29
2012030321,CHI,Patrick,Kane,3,10:24,11:01,22,,,517,16,#111111,0,8474141,Chicago Blackhawks,2693075,CHI,,00:37
2012030321,CHI,Patrick,Kane,3,13:26,13:59,23,,,517,16,#111111,0,8474141,Chicago Blackhawks,2693076,CHI,,00:33
2012030321,CHI,Patrick,Kane,3,16:12,17:00,24,,,517,16,#111111,0,8474141,Chicago Blackhawks,2693077,CHI,,00:48
2012030321,CHI,Patrick,Kane,3,18:19,19:49,25,,,517,16,#111111,0,8474141,Chicago Blackhawks,2693078,CHI,,01:30
2012030321,LAK,Jake,Muzzin,1,01:10,01:36,1,,,517,26,#ADAFAA,0,8474162,Los Angeles Kings,2693079,LAK,,00:26
2012030321,LAK,Jake,Muzzin,1,02:11,02:45,2,,,517,26,#ADAFAA,0,8474162,Los Angeles Kings,2693080,LAK,,00:34
2012030321,LAK,Jake,Muzzin,1,04:24,05:27,3,,,517,26,#ADAFAA,0,8474162,Los Angeles Kings,2693081,LAK,,01:03
2012030321,LAK,Jake,Muzzin,1,07:35,08:15,4,,,517,26,#ADAFAA,0,8474162,Los Angeles Kings,2693082,LAK,,00:40
2012030321,LAK,Jake,Muzzin,1,10:33,10:46,5,,,517,26,#ADAFAA,0,8474162,Los Angeles Kings,2693083,LAK,,00:13
2012030321,LAK,Jake,Muzzin,1,14:01,14:13,6,,,517,26,#ADAFAA,0,8474162,Los Angeles Kings,2693084,LAK,,00:12
2012030321,LAK,Jake,Muzzin,1,16:05,16:33,7,,,517,26,#ADAFAA,0,8474162,Los Angeles Kings,2693085,LAK,,00:28
2012030321,LAK,Jake,Muzzin,1,17:54,18:07,8,,,517,26,#ADAFAA,0,8474162,Los Angeles Kings,2693086,LAK,,00:13
2012030321,LAK,Jake,Muzzin,2,01:36,02:02,9,,,517,26,#ADAFAA,0,8474162,Los Angeles Kings,2693087,LAK,,00:26
2012030321,LAK,Jake,Muzzin,2,02:48,03:33,10,,,517,26,#ADAFAA,0,8474162,Los Angeles Kings,2693088,LAK,,00:45
2012030321,LAK,Jake,Muzzin,2,04:48,05:36,11,,,517,26,#ADAFAA,0,8474162,Los Angeles Kings,2693089,LAK,,00:48
2012030321,LAK,Jake,Muzzin,2,06:10,06:22,12,,,517,26,#ADAFAA,0,8474162,Los Angeles Kings,2693090,LAK,,00:12
2012030321,LAK,Jake,Muzzin,2,07:54,08:43,13,,,517,26,#ADAFAA,0,8474162,Los Angeles Kings,2693091,LAK,,00:49
2012030321,LAK,Jake,Muzzin,2,11:35,12:19,14,,,517,26,#ADAFAA,0,8474162,Los Angeles Kings,2693092,LAK,,00:44
2012030321,LAK,Jake,Muzzin,2,15:29,16:22,15,,,517,26,#ADAFAA,0,8474162,Los Angeles Kings,2693093,LAK,,00:53
2012030321,LAK,Jake,Muzzin,2,18:03,18:31,16,,,517,26,#ADAFAA,0,8474162,Los Angeles Kings,2693094,LAK,,00:28
2012030321,LAK,Jake,Muzzin,3,01:37,03:01,17,,,517,26,#ADAFAA,0,8474162,Los Angeles Kings,2693095,LAK,,01:24
2012030321,LAK,Jake,Muzzin,3,04:43,05:29,18,,,517,26,#ADAFAA,0,8474162,Los Angeles Kings,2693096,LAK,,00:46
2012030321,LAK,Jake,Muzzin,3,07:07,08:13,19,,,517,26,#ADAFAA,0,8474162,Los Angeles Kings,2693097,LAK,,01:06
2012030321,LAK,Jake,Muzzin,3,10:27,11:06,20,,,517,26,#ADAFAA,0,8474162,Los Angeles Kings,2693098,LAK,,00:39
2012030321,LAK,Jake,Muzzin,3,12:20,13:04,21,,,517,26,#ADAFAA,0,8474162,Los Angeles Kings,2693099,LAK,,00:44
2012030321,LAK,Jake,Muzzin,3,14:01,14:38,22,,,517,26,#ADAFAA,0,8474162,Los Angeles Kings,2693100,LAK,,00:37
2012030321,LAK,Jake,Muzzin,3,16:11,17:38,23,,,517,26,#ADAFAA,0,8474162,Los Angeles Kings,2693101,LAK,,01:27
2012030321,LAK,Drew,Doughty,1,00:00,00:36,1,,,517,26,#ADAFAA,0,8474563,Los Angeles Kings,2693102,LAK,,00:36
2012030321,LAK,Drew,Doughty,1,01:36,02:11,2,,,517,26,#ADAFAA,0,8474563,Los Angeles Kings,2693103,LAK,,00:35
2012030321,LAK,Drew,Doughty,1,02:45,03:34,3,,,517,26,#ADAFAA,0,8474563,Los Angeles Kings,2693104,LAK,,00:49
2012030321,LAK,Drew,Doughty,1,05:27,06:40,4,,,517,26,#ADAFAA,0,8474563,Los Angeles Kings,2693105,LAK,,01:13
2012030321,LAK,Drew,Doughty,1,08:15,08:37,5,,,517,26,#ADAFAA,0,8474563,Los Angeles Kings,2693106,LAK,,00:22
2012030321,LAK,Drew,Doughty,1,09:59,10:46,6,,,517,26,#ADAFAA,0,8474563,Los Angeles Kings,2693107,LAK,,00:47
2012030321,LAK,Drew,Doughty,1,11:29,12:14,7,,,517,26,#ADAFAA,0,8474563,Los Angeles Kings,2693108,LAK,,00:45
2012030321,LAK,Drew,Doughty,1,12:46,14:01,8,,,517,26,#ADAFAA,0,8474563,Los Angeles Kings,2693109,LAK,,01:15
2012030321,LAK,Drew,Doughty,1,14:35,15:05,9,,,517,26,#ADAFAA,0,8474563,Los Angeles Kings,2693110,LAK,,00:30
2012030321,LAK,Drew,Doughty,1,15:53,16:09,10,,,517,26,#ADAFAA,0,8474563,Los Angeles Kings,2693111,LAK,,00:16
2012030321,LAK,Drew,Doughty,1,16:46,17:25,11,,,517,26,#ADAFAA,0,8474563,Los Angeles Kings,2693112,LAK,,00:39
2012030321,LAK,Drew,Doughty,1,19:10,20:00,12,,,517,26,#ADAFAA,0,8474563,Los Angeles Kings,2693113,LAK,,00:50
2012030321,LAK,Drew,Doughty,2,00:00,00:50,13,,,517,26,#ADAFAA,0,8474563,Los Angeles Kings,2693114,LAK,,00:50
2012030321,LAK,Drew,Doughty,2,02:07,02:29,14,,,517,26,#ADAFAA,0,8474563,Los Angeles Kings,2693115,LAK,,00:22
2012030321,LAK,Drew,Doughty,2,03:39,04:29,15,,,517,26,#ADAFAA,0,8474563,Los Angeles Kings,2693116,LAK,,00:50
2012030321,LAK,Drew,Doughty,2,06:07,06:10,16,,,517,26,#ADAFAA,0,8474563,Los Angeles Kings,2693117,LAK,,00:03
2012030321,LAK,Drew,Doughty,2,06:22,06:37,17,,,517,26,#ADAFAA,0,8474563,Los Angeles Kings,2693118,LAK,,00:15
2012030321,LAK,Drew,Doughty,2,06:52,07:54,18,,,517,26,#ADAFAA,0,8474563,Los Angeles Kings,2693119,LAK,,01:02
2012030321,LAK,Drew,Doughty,2,09:23,10:32,19,,,517,26,#ADAFAA,0,8474563,Los Angeles Kings,2693120,LAK,,01:09
2012030321,LAK,Drew,Doughty,2,12:19,12:29,20,,,517,26,#ADAFAA,0,8474563,Los Angeles Kings,2693121,LAK,,00:10
2012030321,LAK,Drew,Doughty,2,12:47,13:08,21,,,517,26,#ADAFAA,0,8474563,Los Angeles Kings,2693122,LAK,,00:21
2012030321,LAK,Drew,Doughty,2,13:39,14:32,22,,,517,26,#ADAFAA,0,8474563,Los Angeles Kings,2693123,LAK,,00:53
2012030321,LAK,Drew,Doughty,2,16:01,16:22,23,,,517,26,#ADAFAA,0,8474563,Los Angeles Kings,2693124,LAK,,00:21
2012030321,LAK,Drew,Doughty,2,16:54,18:03,24,,,517,26,#ADAFAA,0,8474563,Los Angeles Kings,2693125,LAK,,01:09
2012030321,LAK,Drew,Doughty,2,19:08,20:00,25,,,517,26,#ADAFAA,0,8474563,Los Angeles Kings,2693126,LAK,,00:52
2012030321,LAK,Drew,Doughty,3,00:00,00:42,26,,,517,26,#ADAFAA,0,8474563,Los Angeles Kings,2693127,LAK,,00:42
2012030321,LAK,Drew,Doughty,3,01:58,03:01,27,,,517,26,#ADAFAA,0,8474563,Los Angeles Kings,2693128,LAK,,01:03
2012030321,LAK,Drew,Doughty,3,04:43,05:17,28,,,517,26,#ADAFAA,0,8474563,Los Angeles Kings,2693129,LAK,,00:34
2012030321,LAK,Drew,Doughty,3,07:07,09:03,29,,,517,26,#ADAFAA,0,8474563,Los Angeles Kings,2693130,LAK,,01:56
2012030321,LAK,Drew,Doughty,3,10:26,11:06,30,,,517,26,#ADAFAA,0,8474563,Los Angeles Kings,2693131,LAK,,00:40
2012030321,LAK,Drew,Doughty,3,12:20,13:18,31,,,517,26,#ADAFAA,0,8474563,Los Angeles Kings,2693132,LAK,,00:58
2012030321,LAK,Drew,Doughty,3,14:01,14:41,32,,,517,26,#ADAFAA,0,8474563,Los Angeles Kings,2693133,LAK,,00:40
2012030321,LAK,Drew,Doughty,3,16:11,17:38,33,,,517,26,#ADAFAA,0,8474563,Los Angeles Kings,2693134,LAK,,01:27
2012030321,LAK,Drew,Doughty,3,18:19,19:53,34,,,517,26,#ADAFAA,0,8474563,Los Angeles Kings,2693135,LAK,,01:34
2012030321,LAK,Slava,Voynov,1,00:36,01:10,1,,,517,26,#ADAFAA,0,8474594,Los Angeles Kings,2693136,LAK,,00:34
2012030321,LAK,Slava,Voynov,1,03:34,04:28,2,,,517,26,#ADAFAA,0,8474594,Los Angeles Kings,2693137,LAK,,00:54
2012030321,LAK,Slava,Voynov,1,06:40,07:42,3,,,517,26,#ADAFAA,0,8474594,Los Angeles Kings,2693138,LAK,,01:02
2012030321,LAK,Slava,Voynov,1,08:37,09:59,4,,,517,26,#ADAFAA,0,8474594,Los Angeles Kings,2693139,LAK,,01:22
2012030321,LAK,Slava,Voynov,1,14:13,14:35,5,,,517,26,#ADAFAA,0,8474594,Los Angeles Kings,2693140,LAK,,00:22
2012030321,LAK,Slava,Voynov,1,15:05,15:53,6,,,517,26,#ADAFAA,0,8474594,Los Angeles Kings,2693141,LAK,,00:48
2012030321,LAK,Slava,Voynov,1,17:25,18:07,7,,,517,26,#ADAFAA,0,8474594,Los Angeles Kings,2693142,LAK,,00:42
2012030321,LAK,Slava,Voynov,2,00:50,01:54,8,,,517,26,#ADAFAA,0,8474594,Los Angeles Kings,2693143,LAK,,01:04
2012030321,LAK,Slava,Voynov,2,02:29,02:48,9,,,517,26,#ADAFAA,0,8474594,Los Angeles Kings,2693144,LAK,,00:19
2012030321,LAK,Slava,Voynov,2,03:33,03:39,10,,,517,26,#ADAFAA,0,8474594,Los Angeles Kings,2693145,LAK,,00:06
2012030321,LAK,Slava,Voynov,2,04:29,04:48,11,,,517,26,#ADAFAA,0,8474594,Los Angeles Kings,2693146,LAK,,00:19
2012030321,LAK,Slava,Voynov,2,05:36,06:07,12,,,517,26,#ADAFAA,0,8474594,Los Angeles Kings,2693147,LAK,,00:31
2012030321,LAK,Slava,Voynov,2,06:37,06:52,13,,,517,26,#ADAFAA,0,8474594,Los Angeles Kings,2693148,LAK,,00:15
2012030321,LAK,Slava,Voynov,2,08:43,09:23,14,,,517,26,#ADAFAA,0,8474594,Los Angeles Kings,2693149,LAK,,00:40
2012030321,LAK,Slava,Voynov,2,11:35,12:19,15,,,517,26,#ADAFAA,0,8474594,Los Angeles Kings,2693150,LAK,,00:44
2012030321,LAK,Slava,Voynov,2,14:32,15:29,16,,,517,26,#ADAFAA,0,8474594,Los Angeles Kings,2693151,LAK,,00:57
2012030321,LAK,Slava,Voynov,2,16:22,16:54,17,,,517,26,#ADAFAA,0,8474594,Los Angeles Kings,2693152,LAK,,00:32
2012030321,LAK,Slava,Voynov,2,18:31,19:08,18,,,517,26,#ADAFAA,0,8474594,Los Angeles Kings,2693153,LAK,,00:37
2012030321,LAK,Slava,Voynov,3,00:42,01:37,19,,,517,26,#ADAFAA,0,8474594,Los Angeles Kings,2693154,LAK,,00:55
2012030321,LAK,Slava,Voynov,3,04:18,04:43,20,,,517,26,#ADAFAA,0,8474594,Los Angeles Kings,2693155,LAK,,00:25
2012030321,LAK,Slava,Voynov,3,05:57,07:07,21,,,517,26,#ADAFAA,0,8474594,Los Angeles Kings,2693156,LAK,,01:10
2012030321,LAK,Slava,Voynov,3,08:13,09:28,22,,,517,26,#ADAFAA,0,8474594,Los Angeles Kings,2693157,LAK,,01:15
2012030321,LAK,Slava,Voynov,3,11:06,11:50,23,,,517,26,#ADAFAA,0,8474594,Los Angeles Kings,2693158,LAK,,00:44
2012030321,LAK,Slava,Voynov,3,13:36,14:01,24,,,517,26,#ADAFAA,0,8474594,Los Angeles Kings,2693159,LAK,,00:25
2012030321,LAK,Slava,Voynov,3,14:49,15:39,25,,,517,26,#ADAFAA,0,8474594,Los Angeles Kings,2693160,LAK,,00:50
2012030321,LAK,Slava,Voynov,3,17:38,18:19,26,,,517,26,#ADAFAA,0,8474594,Los Angeles Kings,2693161,LAK,,00:41
2012030321,LAK,Slava,Voynov,3,19:53,20:00,27,,,517,26,#ADAFAA,0,8474594,Los Angeles Kings,2693162,LAK,,00:07
2012030321,LAK,Kyle,Clifford,1,02:11,02:57,1,,,517,26,#ADAFAA,0,8475160,Los Angeles Kings,2693163,LAK,,00:46
2012030321,LAK,Kyle,Clifford,1,05:27,06:12,2,,,517,26,#ADAFAA,0,8475160,Los Angeles Kings,2693164,LAK,,00:45
2012030321,LAK,Kyle,Clifford,1,08:08,08:21,3,,,517,26,#ADAFAA,0,8475160,Los Angeles Kings,2693165,LAK,,00:13
2012030321,LAK,Kyle,Clifford,1,10:21,10:25,4,,,517,26,#ADAFAA,0,8475160,Los Angeles Kings,2693166,LAK,,00:04
2012030321,LAK,Kyle,Clifford,1,16:37,17:24,5,,,517,26,#ADAFAA,0,8475160,Los Angeles Kings,2693167,LAK,,00:47
2012030321,LAK,Kyle,Clifford,2,01:54,02:29,6,,,517,26,#ADAFAA,0,8475160,Los Angeles Kings,2693168,LAK,,00:35
2012030321,LAK,Kyle,Clifford,2,04:29,05:12,7,,,517,26,#ADAFAA,0,8475160,Los Angeles Kings,2693169,LAK,,00:43
2012030321,LAK,Kyle,Clifford,2,07:54,08:43,8,,,517,26,#ADAFAA,0,8475160,Los Angeles Kings,2693170,LAK,,00:49
2012030321,LAK,Kyle,Clifford,2,12:14,12:29,9,,,517,26,#ADAFAA,0,8475160,Los Angeles Kings,2693171,LAK,,00:15
2012030321,LAK,Kyle,Clifford,2,15:17,15:43,10,,,517,26,#ADAFAA,0,8475160,Los Angeles Kings,2693172,LAK,,00:26
2012030321,LAK,Kyle,Clifford,2,17:04,18:03,11,,,517,26,#ADAFAA,0,8475160,Los Angeles Kings,2693173,LAK,,00:59
2012030321,LAK,Kyle,Clifford,3,01:37,01:58,12,,,517,26,#ADAFAA,0,8475160,Los Angeles Kings,2693174,LAK,,00:21
2012030321,LAK,Kyle,Clifford,3,03:54,04:43,13,,,517,26,#ADAFAA,0,8475160,Los Angeles Kings,2693175,LAK,,00:49
2012030321,LAK,Kyle,Clifford,3,10:27,11:16,14,,,517,26,#ADAFAA,0,8475160,Los Angeles Kings,2693176,LAK,,00:49
2012030321,LAK,Kyle,Clifford,3,15:24,16:11,15,,,517,26,#ADAFAA,0,8475160,Los Angeles Kings,2693177,LAK,,00:47
2012030321,CHI,Nick,Leddy,1,01:32,02:28,1,,,517,16,#111111,0,8475181,Chicago Blackhawks,2693178,CHI,,00:56
2012030321,CHI,Nick,Leddy,1,04:47,05:32,2,,,517,16,#111111,0,8475181,Chicago Blackhawks,2693179,CHI,,00:45
2012030321,CHI,Nick,Leddy,1,08:15,08:21,3,,,517,16,#111111,0,8475181,Chicago Blackhawks,2693180,CHI,,00:06
2012030321,CHI,Nick,Leddy,1,09:59,10:41,4,,,517,16,#111111,0,8475181,Chicago Blackhawks,2693181,CHI,,00:42
2012030321,CHI,Nick,Leddy,1,12:44,13:48,5,,,517,16,#111111,0,8475181,Chicago Blackhawks,2693182,CHI,,01:04
2012030321,CHI,Nick,Leddy,1,14:13,14:23,6,,,517,16,#111111,0,8475181,Chicago Blackhawks,2693183,CHI,,00:10
2012030321,CHI,Nick,Leddy,1,15:05,15:53,7,,,517,16,#111111,0,8475181,Chicago Blackhawks,2693184,CHI,,00:48
2012030321,CHI,Nick,Leddy,1,17:58,18:52,8,,,517,16,#111111,0,8475181,Chicago Blackhawks,2693185,CHI,,00:54
2012030321,CHI,Nick,Leddy,2,01:06,01:46,9,,,517,16,#111111,0,8475181,Chicago Blackhawks,2693186,CHI,,00:40
2012030321,CHI,Nick,Leddy,2,02:48,03:39,10,,,517,16,#111111,0,8475181,Chicago Blackhawks,2693187,CHI,,00:51
2012030321,CHI,Nick,Leddy,2,04:29,05:25,11,,,517,16,#111111,0,8475181,Chicago Blackhawks,2693188,CHI,,00:56
2012030321,CHI,Nick,Leddy,2,07:45,08:54,12,,,517,16,#111111,0,8475181,Chicago Blackhawks,2693189,CHI,,01:09
2012030321,CHI,Nick,Leddy,2,11:39,12:08,13,,,517,16,#111111,0,8475181,Chicago Blackhawks,2693190,CHI,,00:29
2012030321,CHI,Nick,Leddy,2,13:38,14:59,14,,,517,16,#111111,0,8475181,Chicago Blackhawks,2693191,CHI,,01:21
2012030321,CHI,Nick,Leddy,2,16:22,17:03,15,,,517,16,#111111,0,8475181,Chicago Blackhawks,2693192,CHI,,00:41
2012030321,CHI,Nick,Leddy,3,00:51,01:37,16,,,517,16,#111111,0,8475181,Chicago Blackhawks,2693193,CHI,,00:46
2012030321,CHI,Nick,Leddy,3,04:07,04:43,17,,,517,16,#111111,0,8475181,Chicago Blackhawks,2693194,CHI,,00:36
2012030321,CHI,Nick,Leddy,3,06:45,07:19,18,,,517,16,#111111,0,8475181,Chicago Blackhawks,2693195,CHI,,00:34
2012030321,CHI,Nick,Leddy,3,09:19,10:23,19,,,517,16,#111111,0,8475181,Chicago Blackhawks,2693196,CHI,,01:04
2012030321,CHI,Nick,Leddy,3,11:34,12:05,20,,,517,16,#111111,0,8475181,Chicago Blackhawks,2693197,CHI,,00:31
2012030321,CHI,Nick,Leddy,3,13:36,14:09,21,,,517,16,#111111,0,8475181,Chicago Blackhawks,2693198,CHI,,00:33
2012030321,CHI,Marcus,Kruger,1,02:12,02:59,1,,,517,16,#111111,0,8475323,Chicago Blackhawks,2693199,CHI,,00:47
2012030321,CHI,Marcus,Kruger,1,05:49,05:59,2,,,517,16,#111111,0,8475323,Chicago Blackhawks,2693200,CHI,,00:10
2012030321,CHI,Marcus,Kruger,1,08:15,08:21,3,,,517,16,#111111,0,8475323,Chicago Blackhawks,2693201,CHI,,00:06
2012030321,CHI,Marcus,Kruger,1,08:37,08:47,4,,,517,16,#111111,0,8475323,Chicago Blackhawks,2693202,CHI,,00:10
2012030321,CHI,Marcus,Kruger,1,10:29,10:48,5,,,517,16,#111111,0,8475323,Chicago Blackhawks,2693203,CHI,,00:19
2012030321,CHI,Marcus,Kruger,1,14:02,14:23,6,,,517,16,#111111,0,8475323,Chicago Blackhawks,2693204,CHI,,00:21
2012030321,CHI,Marcus,Kruger,1,18:07,19:01,7,,,517,16,#111111,0,8475323,Chicago Blackhawks,2693205,CHI,,00:54
2012030321,CHI,Marcus,Kruger,2,02:48,03:10,8,,,517,16,#111111,0,8475323,Chicago Blackhawks,2693206,CHI,,00:22
2012030321,CHI,Marcus,Kruger,2,03:39,03:52,9,,,517,16,#111111,0,8475323,Chicago Blackhawks,2693207,CHI,,00:13
2012030321,CHI,Marcus,Kruger,2,05:31,06:33,10,,,517,16,#111111,0,8475323,Chicago Blackhawks,2693208,CHI,,01:02
2012030321,CHI,Marcus,Kruger,2,09:43,10:24,11,,,517,16,#111111,0,8475323,Chicago Blackhawks,2693209,CHI,,00:41
2012030321,CHI,Marcus,Kruger,2,11:39,12:08,12,,,517,16,#111111,0,8475323,Chicago Blackhawks,2693210,CHI,,00:29
2012030321,CHI,Marcus,Kruger,2,14:59,15:54,13,,,517,16,#111111,0,8475323,Chicago Blackhawks,2693211,CHI,,00:55
2012030321,CHI,Marcus,Kruger,2,19:41,20:00,14,,,517,16,#111111,0,8475323,Chicago Blackhawks,2693212,CHI,,00:19
2012030321,CHI,Marcus,Kruger,3,01:37,01:58,15,,,517,16,#111111,0,8475323,Chicago Blackhawks,2693213,CHI,,00:21
2012030321,CHI,Marcus,Kruger,3,03:58,04:43,16,,,517,16,#111111,0,8475323,Chicago Blackhawks,2693214,CHI,,00:45
2012030321,CHI,Marcus,Kruger,3,07:05,08:13,17,,,517,16,#111111,0,8475323,Chicago Blackhawks,2693215,CHI,,01:08
2012030321,CHI,Marcus,Kruger,3,08:35,09:03,18,,,517,16,#111111,0,8475323,Chicago Blackhawks,2693216,CHI,,00:28
2012030321,CHI,Marcus,Kruger,3,11:45,12:42,19,,,517,16,#111111,0,8475323,Chicago Blackhawks,2693217,CHI,,00:57
2012030321,CHI,Marcus,Kruger,3,14:30,15:24,20,,,517,16,#111111,0,8475323,Chicago Blackhawks,2693218,CHI,,00:54
2012030321,CHI,Marcus,Kruger,3,17:47,18:19,21,,,517,16,#111111,0,8475323,Chicago Blackhawks,2693219,CHI,,00:32
2012030321,CHI,Marcus,Kruger,3,19:49,20:00,22,,,517,16,#111111,0,8475323,Chicago Blackhawks,2693220,CHI,,00:11
2012030321,CHI,Andrew,Shaw,1,01:21,02:12,1,,,517,16,#111111,0,8476381,Chicago Blackhawks,2693221,CHI,,00:51
2012030321,CHI,Andrew,Shaw,1,04:42,05:43,2,,,517,16,#111111,0,8476381,Chicago Blackhawks,2693222,CHI,,01:01
2012030321,CHI,Andrew,Shaw,1,07:26,08:15,3,,,517,16,#111111,0,8476381,Chicago Blackhawks,2693223,CHI,,00:49
2012030321,CHI,Andrew,Shaw,1,08:21,08:37,4,,,517,16,#111111,0,8476381,Chicago Blackhawks,2693224,CHI,,00:16
2012030321,CHI,Andrew,Shaw,1,10:37,10:45,5,,,517,16,#111111,0,8476381,Chicago Blackhawks,2693225,CHI,,00:08
2012030321,CHI,Andrew,Shaw,1,11:49,12:44,6,,,517,16,#111111,0,8476381,Chicago Blackhawks,2693226,CHI,,00:55
2012030321,CHI,Andrew,Shaw,1,15:41,16:33,7,,,517,16,#111111,0,8476381,Chicago Blackhawks,2693227,CHI,,00:52
2012030321,CHI,Andrew,Shaw,1,18:56,20:00,8,,,517,16,#111111,0,8476381,Chicago Blackhawks,2693228,CHI,,01:04
2012030321,CHI,Andrew,Shaw,2,01:38,01:54,9,,,517,16,#111111,0,8476381,Chicago Blackhawks,2693229,CHI,,00:16
2012030321,CHI,Andrew,Shaw,2,02:29,02:48,10,,,517,16,#111111,0,8476381,Chicago Blackhawks,2693230,CHI,,00:19
2012030321,CHI,Andrew,Shaw,2,04:29,05:31,11,,,517,16,#111111,0,8476381,Chicago Blackhawks,2693231,CHI,,01:02
2012030321,CHI,Andrew,Shaw,2,07:54,08:54,12,,,517,16,#111111,0,8476381,Chicago Blackhawks,2693232,CHI,,01:00
2012030321,CHI,Andrew,Shaw,2,12:47,13:38,13,,,517,16,#111111,0,8476381,Chicago Blackhawks,2693233,CHI,,00:51
2012030321,CHI,Andrew,Shaw,2,17:03,18:03,14,,,517,16,#111111,0,8476381,Chicago Blackhawks,2693234,CHI,,01:00
2012030321,CHI,Andrew,Shaw,3,01:58,02:46,15,,,517,16,#111111,0,8476381,Chicago Blackhawks,2693235,CHI,,00:48
2012030321,CHI,Andrew,Shaw,3,04:43,05:27,16,,,517,16,#111111,0,8476381,Chicago Blackhawks,2693236,CHI,,00:44
2012030321,CHI,Andrew,Shaw,3,11:05,11:57,17,,,517,16,#111111,0,8476381,Chicago Blackhawks,2693237,CHI,,00:52
2012030321,CHI,Andrew,Shaw,3,14:09,14:56,18,,,517,16,#111111,0,8476381,Chicago Blackhawks,2693238,CHI,,00:47
2012030321,CHI,Andrew,Shaw,3,16:52,17:47,19,,,517,16,#111111,0,8476381,Chicago Blackhawks,2693239,CHI,,00:55
2012030321,CHI,Brandon,Saad,1,01:21,02:12,1,,,517,16,#111111,0,8476438,Chicago Blackhawks,2693240,CHI,,00:51
2012030321,CHI,Brandon,Saad,1,04:52,05:49,2,,,517,16,#111111,0,8476438,Chicago Blackhawks,2693241,CHI,,00:57
2012030321,CHI,Brandon,Saad,1,07:30,08:15,3,,,517,16,#111111,0,8476438,Chicago Blackhawks,2693242,CHI,,00:45
2012030321,CHI,Brandon,Saad,1,09:24,09:59,4,,,517,16,#111111,0,8476438,Chicago Blackhawks,2693243,CHI,,00:35
2012030321,CHI,Brandon,Saad,1,12:44,14:02,5,,,517,16,#111111,0,8476438,Chicago Blackhawks,2693244,CHI,,01:18
2012030321,CHI,Brandon,Saad,1,15:53,16:33,6,,,517,16,#111111,0,8476438,Chicago Blackhawks,2693245,CHI,,00:40
2012030321,CHI,Brandon,Saad,1,19:01,19:56,7,,,517,16,#111111,0,8476438,Chicago Blackhawks,2693246,CHI,,00:55
2012030321,CHI,Brandon,Saad,2,02:29,02:48,8,,,517,16,#111111,0,8476438,Chicago Blackhawks,2693247,CHI,,00:19
2012030321,CHI,Brandon,Saad,2,04:29,05:31,9,,,517,16,#111111,0,8476438,Chicago Blackhawks,2693248,CHI,,01:02
2012030321,CHI,Brandon,Saad,2,07:14,07:54,10,,,517,16,#111111,0,8476438,Chicago Blackhawks,2693249,CHI,,00:40
2012030321,CHI,Brandon,Saad,2,11:25,11:39,11,,,517,16,#111111,0,8476438,Chicago Blackhawks,2693250,CHI,,00:14
2012030321,CHI,Brandon,Saad,2,13:38,14:59,12,,,517,16,#111111,0,8476438,Chicago Blackhawks,2693251,CHI,,01:21
2012030321,CHI,Brandon,Saad,2,17:03,18:03,13,,,517,16,#111111,0,8476438,Chicago Blackhawks,2693252,CHI,,01:00
2012030321,CHI,Brandon,Saad,3,01:58,02:38,14,,,517,16,#111111,0,8476438,Chicago Blackhawks,2693253,CHI,,00:40
2012030321,CHI,Brandon,Saad,3,04:43,05:27,15,,,517,16,#111111,0,8476438,Chicago Blackhawks,2693254,CHI,,00:44
2012030321,CHI,Brandon,Saad,3,09:03,09:14,16,,,517,16,#111111,0,8476438,Chicago Blackhawks,2693255,CHI,,00:11
2012030321,CHI,Brandon,Saad,3,11:09,11:45,17,,,517,16,#111111,0,8476438,Chicago Blackhawks,2693256,CHI,,00:36
2012030321,CHI,Brandon,Saad,3,13:56,14:30,18,,,517,16,#111111,0,8476438,Chicago Blackhawks,2693257,CHI,,00:34
2012030321,CHI,Brandon,Saad,3,16:52,17:47,19,,,517,16,#111111,0,8476438,Chicago Blackhawks,2693258,CHI,,00:55
