gameId,teamAbbrev,firstName,lastName,period,startTime,endTime,shiftNumber,eventDescription,eventDetails,typeCode,teamId,hexValue,detailCode,playerId,teamName,id,teamAbbrev,eventNumber,duration
2013030216,BOS,Jarome,Iginla,1,00:43,01:32,1,,,517,6,#111111,0,8462042,Boston Bruins,3721345,BOS,,00:49
2013030216,BOS,Jarome,Iginla,1,03:46,04:49,2,,,517,6,#111111,0,8462042,Boston Bruins,3721346,BOS,,01:03
2013030216,BOS,Jarome,Iginla,1,06:29,07:10,3,,,517,6,#111111,0,8462042,Boston Bruins,3721347,BOS,,00:41
2013030216,BOS,Jarome,Iginla,1,10:41,11:33,4,,,517,6,#111111,0,8462042,Boston Bruins,3721348,BOS,,00:52
2013030216,BOS,Jarome,Iginla,1,12:59,14:23,5,,,517,6,#111111,0,8462042,Boston Bruins,3721349,BOS,,01:24
2013030216,BOS,Jarome,Iginla,1,17:35,18:29,6,,,517,6,#111111,0,8462042,Boston Bruins,3721350,BOS,,00:54
2013030216,BOS,Jarome,Iginla,1,19:05,20:00,7,,,517,6,#111111,0,8462042,Boston Bruins,3721351,BOS,,00:55
2013030216,BOS,Jarome,Iginla,2,03:18,04:45,8,,,517,6,#111111,0,8462042,Boston Bruins,3721352,BOS,,01:27
2013030216,BOS,Jarome,Iginla,2,05:45,06:29,9,,,517,6,#111111,0,8462042,Boston Bruins,3721353,BOS,,00:44
2013030216,BOS,Jarome,Iginla,2,08:38,09:40,10,,,517,6,#111111,0,8462042,Boston Bruins,3721354,BOS,,01:02
2013030216,BOS,Jarome,Iginla,2,12:24,13:14,11,,,517,6,#111111,0,8462042,Boston Bruins,3721355,BOS,,00:50
2013030216,BOS,Jarome,Iginla,2,14:12,14:41,12,,,517,6,#111111,0,8462042,Boston Bruins,3721356,BOS,,00:29
2013030216,BOS,Jarome,Iginla,2,15:24,16:36,13,,,517,6,#111111,0,8462042,Boston Bruins,3721357,BOS,,01:12
2013030216,BOS,Jarome,Iginla,2,19:04,19:44,14,,,517,6,#111111,0,8462042,Boston Bruins,3721358,BOS,,00:40
2013030216,BOS,Jarome,Iginla,3,00:30,01:08,15,,,517,6,#111111,0,8462042,Boston Bruins,3721359,BOS,,00:38
2013030216,BOS,Jarome,Iginla,3,03:51,03:58,16,,,517,6,#111111,0,8462042,Boston Bruins,3721360,BOS,,00:07
2013030216,BOS,Jarome,Iginla,3,06:16,07:28,17,,,517,6,#111111,0,8462042,Boston Bruins,3721361,BOS,,01:12
2013030216,BOS,Jarome,Iginla,3,09:41,11:05,18,,,517,6,#111111,0,8462042,Boston Bruins,3721362,BOS,,01:24
2013030216,BOS,Jarome,Iginla,3,12:48,12:52,19,,,517,6,#111111,0,8462042,Boston Bruins,3721363,BOS,,00:04
2013030216,BOS,Jarome,Iginla,3,14:45,15:53,20,,,517,6,#111111,0,8462042,Boston Bruins,3721364,BOS,,01:08
2013030216,BOS,Jarome,Iginla,3,16:50,17:36,21,,,517,6,#111111,0,8462042,Boston Bruins,3721365,BOS,,00:46
2013030216,BOS,Jarome,Iginla,3,19:10,19:36,22,,,517,6,#111111,0,8462042,Boston Bruins,3721366,BOS,,00:26
2013030216,MTL,Daniel,Briere,1,02:11,03:11,1,,,517,8,#AF1E2D,0,8464975,Montréal Canadiens,3721367,MTL,,01:00
2013030216,MTL,Daniel,Briere,1,05:42,06:12,2,,,517,8,#AF1E2D,0,8464975,Montréal Canadiens,3721368,MTL,,00:30
2013030216,MTL,Daniel,Briere,1,10:00,10:50,3,,,517,8,#AF1E2D,0,8464975,Montréal Canadiens,3721369,MTL,,00:50
2013030216,MTL,Daniel,Briere,2,01:08,02:10,4,,,517,8,#AF1E2D,0,8464975,Montréal Canadiens,3721370,MTL,,01:02
2013030216,MTL,Daniel,Briere,2,04:03,05:08,5,,,517,8,#AF1E2D,0,8464975,Montréal Canadiens,3721371,MTL,,01:05
2013030216,MTL,Daniel,Briere,2,10:36,11:30,6,,,517,8,#AF1E2D,0,8464975,Montréal Canadiens,3721372,MTL,,00:54
2013030216,MTL,Daniel,Briere,2,13:51,14:41,7,,,517,8,#AF1E2D,0,8464975,Montréal Canadiens,3721373,MTL,,00:50
2013030216,MTL,Daniel,Briere,2,16:36,17:13,8,,,517,8,#AF1E2D,0,8464975,Montréal Canadiens,3721374,MTL,,00:37
2013030216,MTL,Daniel,Briere,3,01:56,02:50,9,,,517,8,#AF1E2D,0,8464975,Montréal Canadiens,3721375,MTL,,00:54
2013030216,MTL,Daniel,Briere,3,04:47,06:20,10,,,517,8,#AF1E2D,0,8464975,Montréal Canadiens,3721376,MTL,,01:33
2013030216,MTL,Daniel,Briere,3,16:04,16:50,11,,,517,8,#AF1E2D,0,8464975,Montréal Canadiens,3721377,MTL,,00:46
2013030216,BOS,Zdeno,Chara,1,00:00,00:05,1,,,517,6,#111111,0,8465009,Boston Bruins,3721378,BOS,,00:05
2013030216,BOS,Zdeno,Chara,1,00:43,01:32,2,,,517,6,#111111,0,8465009,Boston Bruins,3721379,BOS,,00:49
2013030216,BOS,Zdeno,Chara,1,03:05,03:55,3,,,517,6,#111111,0,8465009,Boston Bruins,3721380,BOS,,00:50
2013030216,BOS,Zdeno,Chara,1,04:42,06:08,4,,,517,6,#111111,0,8465009,Boston Bruins,3721381,BOS,,01:26
2013030216,BOS,Zdeno,Chara,1,06:12,06:22,5,,,517,6,#111111,0,8465009,Boston Bruins,3721382,BOS,,00:10
2013030216,BOS,Zdeno,Chara,1,07:10,07:23,6,,,517,6,#111111,0,8465009,Boston Bruins,3721383,BOS,,00:13
2013030216,BOS,Zdeno,Chara,1,08:44,09:34,7,,,517,6,#111111,0,8465009,Boston Bruins,3721384,BOS,,00:50
2013030216,BOS,Zdeno,Chara,1,12:00,12:23,8,,,517,6,#111111,0,8465009,Boston Bruins,3721385,BOS,,00:23
2013030216,BOS,Zdeno,Chara,1,12:59,14:14,9,,,517,6,#111111,0,8465009,Boston Bruins,3721386,BOS,,01:15
2013030216,BOS,Zdeno,Chara,1,15:38,16:20,10,,,517,6,#111111,0,8465009,Boston Bruins,3721387,BOS,,00:42
2013030216,BOS,Zdeno,Chara,1,16:52,17:35,11,,,517,6,#111111,0,8465009,Boston Bruins,3721388,BOS,,00:43
2013030216,BOS,Zdeno,Chara,1,19:02,20:00,12,,,517,6,#111111,0,8465009,Boston Bruins,3721389,BOS,,00:58
2013030216,BOS,Zdeno,Chara,2,00:00,00:50,13,,,517,6,#111111,0,8465009,Boston Bruins,3721390,BOS,,00:50
2013030216,BOS,Zdeno,Chara,2,03:18,04:37,14,,,517,6,#111111,0,8465009,Boston Bruins,3721391,BOS,,01:19
2013030216,BOS,Zdeno,Chara,2,05:45,06:29,15,,,517,6,#111111,0,8465009,Boston Bruins,3721392,BOS,,00:44
2013030216,BOS,Zdeno,Chara,2,08:38,09:40,16,,,517,6,#111111,0,8465009,Boston Bruins,3721393,BOS,,01:02
2013030216,BOS,Zdeno,Chara,2,11:11,11:42,17,,,517,6,#111111,0,8465009,Boston Bruins,3721394,BOS,,00:31
2013030216,BOS,Zdeno,Chara,2,12:24,13:11,18,,,517,6,#111111,0,8465009,Boston Bruins,3721395,BOS,,00:47
2013030216,BOS,Zdeno,Chara,2,14:41,15:24,19,,,517,6,#111111,0,8465009,Boston Bruins,3721396,BOS,,00:43
2013030216,BOS,Zdeno,Chara,2,17:13,17:39,20,,,517,6,#111111,0,8465009,Boston Bruins,3721397,BOS,,00:26
2013030216,BOS,Zdeno,Chara,2,19:16,19:44,21,,,517,6,#111111,0,8465009,Boston Bruins,3721398,BOS,,00:28
2013030216,BOS,Zdeno,Chara,3,01:06,01:42,22,,,517,6,#111111,0,8465009,Boston Bruins,3721399,BOS,,00:36
2013030216,BOS,Zdeno,Chara,3,03:51,04:46,23,,,517,6,#111111,0,8465009,Boston Bruins,3721400,BOS,,00:55
2013030216,BOS,Zdeno,Chara,3,06:23,07:28,24,,,517,6,#111111,0,8465009,Boston Bruins,3721401,BOS,,01:05
2013030216,BOS,Zdeno,Chara,3,09:41,11:05,25,,,517,6,#111111,0,8465009,Boston Bruins,3721402,BOS,,01:24
2013030216,BOS,Zdeno,Chara,3,12:25,13:37,26,,,517,6,#111111,0,8465009,Boston Bruins,3721403,BOS,,01:12
2013030216,BOS,Zdeno,Chara,3,14:45,15:28,27,,,517,6,#111111,0,8465009,Boston Bruins,3721404,BOS,,00:43
2013030216,BOS,Zdeno,Chara,3,19:10,19:36,28,,,517,6,#111111,0,8465009,Boston Bruins,3721405,BOS,,00:26
2013030216,BOS,Shawn,Thornton,1,02:11,03:05,1,,,517,6,#111111,0,8465978,Boston Bruins,3721406,BOS,,00:54
2013030216,BOS,Shawn,Thornton,1,06:08,06:12,2,,,517,6,#111111,0,8465978,Boston Bruins,3721407,BOS,,00:04
2013030216,BOS,Shawn,Thornton,1,09:45,10:41,3,,,517,6,#111111,0,8465978,Boston Bruins,3721408,BOS,,00:56
2013030216,BOS,Shawn,Thornton,2,10:33,11:34,4,,,517,6,#111111,0,8465978,Boston Bruins,3721409,BOS,,01:01
2013030216,BOS,Shawn,Thornton,3,01:56,02:45,5,,,517,6,#111111,0,8465978,Boston Bruins,3721410,BOS,,00:49
2013030216,BOS,Shawn,Thornton,3,08:18,08:46,6,,,517,6,#111111,0,8465978,Boston Bruins,3721411,BOS,,00:28
2013030216,BOS,Shawn,Thornton,3,16:04,16:50,7,,,517,6,#111111,0,8465978,Boston Bruins,3721412,BOS,,00:46
2013030216,MTL,Brian,Gionta,1,01:31,02:11,1,,,517,8,#AF1E2D,0,8467407,Montréal Canadiens,3721413,MTL,,00:40
2013030216,MTL,Brian,Gionta,1,03:59,04:43,2,,,517,8,#AF1E2D,0,8467407,Montréal Canadiens,3721414,MTL,,00:44
2013030216,MTL,Brian,Gionta,1,07:10,07:23,3,,,517,8,#AF1E2D,0,8467407,Montréal Canadiens,3721415,MTL,,00:13
2013030216,MTL,Brian,Gionta,1,08:13,08:47,4,,,517,8,#AF1E2D,0,8467407,Montréal Canadiens,3721416,MTL,,00:34
2013030216,MTL,Brian,Gionta,1,11:22,11:54,5,,,517,8,#AF1E2D,0,8467407,Montréal Canadiens,3721417,MTL,,00:32
2013030216,MTL,Brian,Gionta,1,12:15,12:58,6,,,517,8,#AF1E2D,0,8467407,Montréal Canadiens,3721418,MTL,,00:43
2013030216,MTL,Brian,Gionta,1,14:09,15:02,7,,,517,8,#AF1E2D,0,8467407,Montréal Canadiens,3721419,MTL,,00:53
2013030216,MTL,Brian,Gionta,1,16:12,17:06,8,,,517,8,#AF1E2D,0,8467407,Montréal Canadiens,3721420,MTL,,00:54
2013030216,MTL,Brian,Gionta,1,19:04,19:26,9,,,517,8,#AF1E2D,0,8467407,Montréal Canadiens,3721421,MTL,,00:22
2013030216,MTL,Brian,Gionta,2,02:10,03:44,10,,,517,8,#AF1E2D,0,8467407,Montréal Canadiens,3721422,MTL,,01:34
2013030216,MTL,Brian,Gionta,2,05:08,05:45,11,,,517,8,#AF1E2D,0,8467407,Montréal Canadiens,3721423,MTL,,00:37
2013030216,MTL,Brian,Gionta,2,06:49,09:21,12,,,517,8,#AF1E2D,0,8467407,Montréal Canadiens,3721424,MTL,,02:32
2013030216,MTL,Brian,Gionta,2,11:30,12:00,13,,,517,8,#AF1E2D,0,8467407,Montréal Canadiens,3721425,MTL,,00:30
2013030216,MTL,Brian,Gionta,2,12:24,13:07,14,,,517,8,#AF1E2D,0,8467407,Montréal Canadiens,3721426,MTL,,00:43
2013030216,MTL,Brian,Gionta,2,15:24,16:09,15,,,517,8,#AF1E2D,0,8467407,Montréal Canadiens,3721427,MTL,,00:45
2013030216,MTL,Brian,Gionta,2,17:39,18:08,16,,,517,8,#AF1E2D,0,8467407,Montréal Canadiens,3721428,MTL,,00:29
2013030216,MTL,Brian,Gionta,2,19:44,20:00,17,,,517,8,#AF1E2D,0,8467407,Montréal Canadiens,3721429,MTL,,00:16
2013030216,MTL,Brian,Gionta,3,00:30,00:43,18,,,517,8,#AF1E2D,0,8467407,Montréal Canadiens,3721430,MTL,,00:13
2013030216,MTL,Brian,Gionta,3,01:08,01:46,19,,,517,8,#AF1E2D,0,8467407,Montréal Canadiens,3721431,MTL,,00:38
2013030216,MTL,Brian,Gionta,3,06:03,07:22,20,,,517,8,#AF1E2D,0,8467407,Montréal Canadiens,3721432,MTL,,01:19
2013030216,MTL,Brian,Gionta,3,11:05,11:38,21,,,517,8,#AF1E2D,0,8467407,Montréal Canadiens,3721433,MTL,,00:33
2013030216,MTL,Brian,Gionta,3,13:37,15:22,22,,,517,8,#AF1E2D,0,8467407,Montréal Canadiens,3721434,MTL,,01:45
2013030216,MTL,Brian,Gionta,3,19:10,19:36,23,,,517,8,#AF1E2D,0,8467407,Montréal Canadiens,3721435,MTL,,00:26
2013030216,MTL,Andrei,Markov,1,00:51,01:46,1,,,517,8,#AF1E2D,0,8467496,Montréal Canadiens,3721436,MTL,,00:55
2013030216,MTL,Andrei,Markov,1,02:11,02:45,2,,,517,8,#AF1E2D,0,8467496,Montréal Canadiens,3721437,MTL,,00:34
2013030216,MTL,Andrei,Markov,1,03:46,04:35,3,,,517,8,#AF1E2D,0,8467496,Montréal Canadiens,3721438,MTL,,00:49
2013030216,MTL,Andrei,Markov,1,06:05,06:29,4,,,517,8,#AF1E2D,0,8467496,Montréal Canadiens,3721439,MTL,,00:24
2013030216,MTL,Andrei,Markov,1,07:10,08:07,5,,,517,8,#AF1E2D,0,8467496,Montréal Canadiens,3721440,MTL,,00:57
2013030216,MTL,Andrei,Markov,1,09:39,10:12,6,,,517,8,#AF1E2D,0,8467496,Montréal Canadiens,3721441,MTL,,00:33
2013030216,MTL,Andrei,Markov,1,11:22,12:15,7,,,517,8,#AF1E2D,0,8467496,Montréal Canadiens,3721442,MTL,,00:53
2013030216,MTL,Andrei,Markov,1,12:58,13:24,8,,,517,8,#AF1E2D,0,8467496,Montréal Canadiens,3721443,MTL,,00:26
2013030216,MTL,Andrei,Markov,1,14:27,15:02,9,,,517,8,#AF1E2D,0,8467496,Montréal Canadiens,3721444,MTL,,00:35
2013030216,MTL,Andrei,Markov,1,15:38,16:21,10,,,517,8,#AF1E2D,0,8467496,Montréal Canadiens,3721445,MTL,,00:43
2013030216,MTL,Andrei,Markov,1,17:15,18:08,11,,,517,8,#AF1E2D,0,8467496,Montréal Canadiens,3721446,MTL,,00:53
2013030216,MTL,Andrei,Markov,1,18:59,20:00,12,,,517,8,#AF1E2D,0,8467496,Montréal Canadiens,3721447,MTL,,01:01
2013030216,MTL,Andrei,Markov,2,00:00,01:08,13,,,517,8,#AF1E2D,0,8467496,Montréal Canadiens,3721448,MTL,,01:08
2013030216,MTL,Andrei,Markov,2,03:09,04:03,14,,,517,8,#AF1E2D,0,8467496,Montréal Canadiens,3721449,MTL,,00:54
2013030216,MTL,Andrei,Markov,2,05:45,06:21,15,,,517,8,#AF1E2D,0,8467496,Montréal Canadiens,3721450,MTL,,00:36
2013030216,MTL,Andrei,Markov,2,09:21,10:04,16,,,517,8,#AF1E2D,0,8467496,Montréal Canadiens,3721451,MTL,,00:43
2013030216,MTL,Andrei,Markov,2,11:30,12:24,17,,,517,8,#AF1E2D,0,8467496,Montréal Canadiens,3721452,MTL,,00:54
2013030216,MTL,Andrei,Markov,2,13:14,13:48,18,,,517,8,#AF1E2D,0,8467496,Montréal Canadiens,3721453,MTL,,00:34
2013030216,MTL,Andrei,Markov,2,14:39,14:41,19,,,517,8,#AF1E2D,0,8467496,Montréal Canadiens,3721454,MTL,,00:02
2013030216,MTL,Andrei,Markov,2,16:09,17:39,20,,,517,8,#AF1E2D,0,8467496,Montréal Canadiens,3721455,MTL,,01:30
2013030216,MTL,Andrei,Markov,2,18:08,19:06,21,,,517,8,#AF1E2D,0,8467496,Montréal Canadiens,3721456,MTL,,00:58
2013030216,MTL,Andrei,Markov,2,19:42,20:00,22,,,517,8,#AF1E2D,0,8467496,Montréal Canadiens,3721457,MTL,,00:18
2013030216,MTL,Andrei,Markov,3,00:30,01:08,23,,,517,8,#AF1E2D,0,8467496,Montréal Canadiens,3721458,MTL,,00:38
2013030216,MTL,Andrei,Markov,3,02:24,03:57,24,,,517,8,#AF1E2D,0,8467496,Montréal Canadiens,3721459,MTL,,01:33
2013030216,MTL,Andrei,Markov,3,03:58,05:06,25,,,517,8,#AF1E2D,0,8467496,Montréal Canadiens,3721460,MTL,,01:08
2013030216,MTL,Andrei,Markov,3,07:00,07:38,26,,,517,8,#AF1E2D,0,8467496,Montréal Canadiens,3721461,MTL,,00:38
2013030216,MTL,Andrei,Markov,3,08:46,09:30,27,,,517,8,#AF1E2D,0,8467496,Montréal Canadiens,3721462,MTL,,00:44
2013030216,MTL,Andrei,Markov,3,11:05,11:38,28,,,517,8,#AF1E2D,0,8467496,Montréal Canadiens,3721463,MTL,,00:33
2013030216,MTL,Andrei,Markov,3,12:33,13:33,29,,,517,8,#AF1E2D,0,8467496,Montréal Canadiens,3721464,MTL,,01:00
2013030216,MTL,Andrei,Markov,3,15:22,16:04,30,,,517,8,#AF1E2D,0,8467496,Montréal Canadiens,3721465,MTL,,00:42
2013030216,MTL,Andrei,Markov,3,17:36,18:38,31,,,517,8,#AF1E2D,0,8467496,Montréal Canadiens,3721466,MTL,,01:02
2013030216,MTL,Andrei,Markov,3,19:10,19:36,32,,,517,8,#AF1E2D,0,8467496,Montréal Canadiens,3721467,MTL,,00:26
2013030216,MTL,Mike,Weaver,1,01:46,02:11,1,,,517,8,#AF1E2D,0,8468478,Montréal Canadiens,3721468,MTL,,00:25
2013030216,MTL,Mike,Weaver,1,04:35,04:56,2,,,517,8,#AF1E2D,0,8468478,Montréal Canadiens,3721469,MTL,,00:21
2013030216,MTL,Mike,Weaver,1,08:07,08:47,3,,,517,8,#AF1E2D,0,8468478,Montréal Canadiens,3721470,MTL,,00:40
2013030216,MTL,Mike,Weaver,1,12:15,12:23,4,,,517,8,#AF1E2D,0,8468478,Montréal Canadiens,3721471,MTL,,00:08
2013030216,MTL,Mike,Weaver,1,14:23,14:27,5,,,517,8,#AF1E2D,0,8468478,Montréal Canadiens,3721472,MTL,,00:04
2013030216,MTL,Mike,Weaver,1,16:12,17:15,6,,,517,8,#AF1E2D,0,8468478,Montréal Canadiens,3721473,MTL,,01:03
2013030216,MTL,Mike,Weaver,1,18:59,19:26,7,,,517,8,#AF1E2D,0,8468478,Montréal Canadiens,3721474,MTL,,00:27
2013030216,MTL,Mike,Weaver,2,02:10,03:09,8,,,517,8,#AF1E2D,0,8468478,Montréal Canadiens,3721475,MTL,,00:59
2013030216,MTL,Mike,Weaver,2,04:03,04:46,9,,,517,8,#AF1E2D,0,8468478,Montréal Canadiens,3721476,MTL,,00:43
2013030216,MTL,Mike,Weaver,2,05:08,05:45,10,,,517,8,#AF1E2D,0,8468478,Montréal Canadiens,3721477,MTL,,00:37
2013030216,MTL,Mike,Weaver,2,06:21,09:21,11,,,517,8,#AF1E2D,0,8468478,Montréal Canadiens,3721478,MTL,,03:00
2013030216,MTL,Mike,Weaver,2,10:36,11:24,12,,,517,8,#AF1E2D,0,8468478,Montréal Canadiens,3721479,MTL,,00:48
2013030216,MTL,Mike,Weaver,2,13:48,14:29,13,,,517,8,#AF1E2D,0,8468478,Montréal Canadiens,3721480,MTL,,00:41
2013030216,MTL,Mike,Weaver,2,14:41,15:24,14,,,517,8,#AF1E2D,0,8468478,Montréal Canadiens,3721481,MTL,,00:43
2013030216,MTL,Mike,Weaver,3,01:08,01:34,15,,,517,8,#AF1E2D,0,8468478,Montréal Canadiens,3721482,MTL,,00:26
2013030216,MTL,Mike,Weaver,3,07:00,07:38,16,,,517,8,#AF1E2D,0,8468478,Montréal Canadiens,3721483,MTL,,00:38
2013030216,MTL,Mike,Weaver,3,08:22,08:46,17,,,517,8,#AF1E2D,0,8468478,Montréal Canadiens,3721484,MTL,,00:24
2013030216,MTL,Mike,Weaver,3,11:38,12:10,18,,,517,8,#AF1E2D,0,8468478,Montréal Canadiens,3721485,MTL,,00:32
2013030216,MTL,Mike,Weaver,3,16:04,16:50,19,,,517,8,#AF1E2D,0,8468478,Montréal Canadiens,3721486,MTL,,00:46
2013030216,MTL,Mike,Weaver,3,17:36,18:38,20,,,517,8,#AF1E2D,0,8468478,Montréal Canadiens,3721487,MTL,,01:02
2013030216,MTL,Mike,Weaver,3,19:10,19:36,21,,,517,8,#AF1E2D,0,8468478,Montréal Canadiens,3721488,MTL,,00:26
2013030216,MTL,Tomas,Plekanec,1,00:00,00:35,1,,,517,8,#AF1E2D,0,8469521,Montréal Canadiens,3721489,MTL,,00:35
2013030216,MTL,Tomas,Plekanec,1,03:11,03:46,2,,,517,8,#AF1E2D,0,8469521,Montréal Canadiens,3721490,MTL,,00:35
2013030216,MTL,Tomas,Plekanec,1,06:12,06:29,3,,,517,8,#AF1E2D,0,8469521,Montréal Canadiens,3721491,MTL,,00:17
2013030216,MTL,Tomas,Plekanec,1,07:23,08:07,4,,,517,8,#AF1E2D,0,8469521,Montréal Canadiens,3721492,MTL,,00:44
2013030216,MTL,Tomas,Plekanec,1,10:50,11:28,5,,,517,8,#AF1E2D,0,8469521,Montréal Canadiens,3721493,MTL,,00:38
2013030216,MTL,Tomas,Plekanec,1,12:23,12:58,6,,,517,8,#AF1E2D,0,8469521,Montréal Canadiens,3721494,MTL,,00:35
2013030216,MTL,Tomas,Plekanec,1,13:34,14:27,7,,,517,8,#AF1E2D,0,8469521,Montréal Canadiens,3721495,MTL,,00:53
2013030216,MTL,Tomas,Plekanec,1,15:02,15:38,8,,,517,8,#AF1E2D,0,8469521,Montréal Canadiens,3721496,MTL,,00:36
2013030216,MTL,Tomas,Plekanec,1,16:12,17:00,9,,,517,8,#AF1E2D,0,8469521,Montréal Canadiens,3721497,MTL,,00:48
2013030216,MTL,Tomas,Plekanec,1,18:29,18:59,10,,,517,8,#AF1E2D,0,8469521,Montréal Canadiens,3721498,MTL,,00:30
2013030216,MTL,Tomas,Plekanec,1,19:26,20:00,11,,,517,8,#AF1E2D,0,8469521,Montréal Canadiens,3721499,MTL,,00:34
2013030216,MTL,Tomas,Plekanec,2,00:50,02:10,12,,,517,8,#AF1E2D,0,8469521,Montréal Canadiens,3721500,MTL,,01:20
2013030216,MTL,Tomas,Plekanec,2,03:31,04:03,13,,,517,8,#AF1E2D,0,8469521,Montréal Canadiens,3721501,MTL,,00:32
2013030216,MTL,Tomas,Plekanec,2,05:08,05:45,14,,,517,8,#AF1E2D,0,8469521,Montréal Canadiens,3721502,MTL,,00:37
2013030216,MTL,Tomas,Plekanec,2,06:21,06:49,15,,,517,8,#AF1E2D,0,8469521,Montréal Canadiens,3721503,MTL,,00:28
2013030216,MTL,Tomas,Plekanec,2,09:56,10:36,16,,,517,8,#AF1E2D,0,8469521,Montréal Canadiens,3721504,MTL,,00:40
2013030216,MTL,Tomas,Plekanec,2,12:57,13:51,17,,,517,8,#AF1E2D,0,8469521,Montréal Canadiens,3721505,MTL,,00:54
2013030216,MTL,Tomas,Plekanec,2,15:51,16:36,18,,,517,8,#AF1E2D,0,8469521,Montréal Canadiens,3721506,MTL,,00:45
2013030216,MTL,Tomas,Plekanec,2,18:08,19:06,19,,,517,8,#AF1E2D,0,8469521,Montréal Canadiens,3721507,MTL,,00:58
2013030216,MTL,Tomas,Plekanec,3,00:00,00:30,20,,,517,8,#AF1E2D,0,8469521,Montréal Canadiens,3721508,MTL,,00:30
2013030216,MTL,Tomas,Plekanec,3,01:34,01:56,21,,,517,8,#AF1E2D,0,8469521,Montréal Canadiens,3721509,MTL,,00:22
2013030216,MTL,Tomas,Plekanec,3,02:50,03:35,22,,,517,8,#AF1E2D,0,8469521,Montréal Canadiens,3721510,MTL,,00:45
2013030216,MTL,Tomas,Plekanec,3,04:47,06:09,23,,,517,8,#AF1E2D,0,8469521,Montréal Canadiens,3721511,MTL,,01:22
2013030216,MTL,Tomas,Plekanec,3,07:00,07:38,24,,,517,8,#AF1E2D,0,8469521,Montréal Canadiens,3721512,MTL,,00:38
2013030216,MTL,Tomas,Plekanec,3,08:43,09:30,25,,,517,8,#AF1E2D,0,8469521,Montréal Canadiens,3721513,MTL,,00:47
2013030216,MTL,Tomas,Plekanec,3,11:38,12:21,26,,,517,8,#AF1E2D,0,8469521,Montréal Canadiens,3721514,MTL,,00:43
2013030216,MTL,Tomas,Plekanec,3,12:52,13:27,27,,,517,8,#AF1E2D,0,8469521,Montréal Canadiens,3721515,MTL,,00:35
2013030216,MTL,Tomas,Plekanec,3,14:54,15:56,28,,,517,8,#AF1E2D,0,8469521,Montréal Canadiens,3721516,MTL,,01:02
2013030216,MTL,Tomas,Plekanec,3,16:50,17:20,29,,,517,8,#AF1E2D,0,8469521,Montréal Canadiens,3721517,MTL,,00:30
2013030216,MTL,Tomas,Plekanec,3,19:10,19:36,30,,,517,8,#AF1E2D,0,8469521,Montréal Canadiens,3721518,MTL,,00:26
2013030216,BOS,Gregory,Campbell,1,02:11,03:05,1,,,517,6,#111111,0,8470169,Boston Bruins,3721519,BOS,,00:54
2013030216,BOS,Gregory,Campbell,1,05:54,06:12,2,,,517,6,#111111,0,8470169,Boston Bruins,3721520,BOS,,00:18
2013030216,BOS,Gregory,Campbell,1,09:34,10:28,3,,,517,6,#111111,0,8470169,Boston Bruins,3721521,BOS,,00:54
2013030216,BOS,Gregory,Campbell,1,14:23,15:02,4,,,517,6,#111111,0,8470169,Boston Bruins,3721522,BOS,,00:39
2013030216,BOS,Gregory,Campbell,1,17:02,17:35,5,,,517,6,#111111,0,8470169,Boston Bruins,3721523,BOS,,00:33
2013030216,BOS,Gregory,Campbell,2,01:11,02:28,6,,,517,6,#111111,0,8470169,Boston Bruins,3721524,BOS,,01:17
2013030216,BOS,Gregory,Campbell,2,10:33,11:34,7,,,517,6,#111111,0,8470169,Boston Bruins,3721525,BOS,,01:01
2013030216,BOS,Gregory,Campbell,2,16:36,17:13,8,,,517,6,#111111,0,8470169,Boston Bruins,3721526,BOS,,00:37
2013030216,BOS,Gregory,Campbell,3,01:56,02:45,9,,,517,6,#111111,0,8470169,Boston Bruins,3721527,BOS,,00:49
2013030216,BOS,Gregory,Campbell,3,04:46,05:22,10,,,517,6,#111111,0,8470169,Boston Bruins,3721528,BOS,,00:36
2013030216,BOS,Gregory,Campbell,3,08:18,08:46,11,,,517,6,#111111,0,8470169,Boston Bruins,3721529,BOS,,00:28
2013030216,BOS,Gregory,Campbell,3,16:04,16:50,12,,,517,6,#111111,0,8470169,Boston Bruins,3721530,BOS,,00:46
2013030216,BOS,Gregory,Campbell,3,19:36,20:00,13,,,517,6,#111111,0,8470169,Boston Bruins,3721531,BOS,,00:24
2013030216,BOS,Johnny,Boychuk,1,00:00,00:43,1,,,517,6,#111111,0,8470187,Boston Bruins,3721532,BOS,,00:43
2013030216,BOS,Johnny,Boychuk,1,02:11,03:05,2,,,517,6,#111111,0,8470187,Boston Bruins,3721533,BOS,,00:54
2013030216,BOS,Johnny,Boychuk,1,03:55,04:49,3,,,517,6,#111111,0,8470187,Boston Bruins,3721534,BOS,,00:54
2013030216,BOS,Johnny,Boychuk,1,06:12,06:29,4,,,517,6,#111111,0,8470187,Boston Bruins,3721535,BOS,,00:17
2013030216,BOS,Johnny,Boychuk,1,07:56,08:44,5,,,517,6,#111111,0,8470187,Boston Bruins,3721536,BOS,,00:48
2013030216,BOS,Johnny,Boychuk,1,10:41,11:33,6,,,517,6,#111111,0,8470187,Boston Bruins,3721537,BOS,,00:52
2013030216,BOS,Johnny,Boychuk,1,14:14,15:02,7,,,517,6,#111111,0,8470187,Boston Bruins,3721538,BOS,,00:48
2013030216,BOS,Johnny,Boychuk,1,16:21,16:52,8,,,517,6,#111111,0,8470187,Boston Bruins,3721539,BOS,,00:31
2013030216,BOS,Johnny,Boychuk,1,18:16,19:05,9,,,517,6,#111111,0,8470187,Boston Bruins,3721540,BOS,,00:49
2013030216,BOS,Johnny,Boychuk,2,00:00,01:11,10,,,517,6,#111111,0,8470187,Boston Bruins,3721541,BOS,,01:11
2013030216,BOS,Johnny,Boychuk,2,02:28,03:18,11,,,517,6,#111111,0,8470187,Boston Bruins,3721542,BOS,,00:50
2013030216,BOS,Johnny,Boychuk,2,04:37,05:08,12,,,517,6,#111111,0,8470187,Boston Bruins,3721543,BOS,,00:31
2013030216,BOS,Johnny,Boychuk,2,08:46,09:40,13,,,517,6,#111111,0,8470187,Boston Bruins,3721544,BOS,,00:54
2013030216,BOS,Johnny,Boychuk,2,10:29,11:11,14,,,517,6,#111111,0,8470187,Boston Bruins,3721545,BOS,,00:42
2013030216,BOS,Johnny,Boychuk,2,13:11,14:12,15,,,517,6,#111111,0,8470187,Boston Bruins,3721546,BOS,,01:01
2013030216,BOS,Johnny,Boychuk,2,16:36,17:13,16,,,517,6,#111111,0,8470187,Boston Bruins,3721547,BOS,,00:37
2013030216,BOS,Johnny,Boychuk,2,17:39,18:08,17,,,517,6,#111111,0,8470187,Boston Bruins,3721548,BOS,,00:29
2013030216,BOS,Johnny,Boychuk,2,19:44,20:00,18,,,517,6,#111111,0,8470187,Boston Bruins,3721549,BOS,,00:16
2013030216,BOS,Johnny,Boychuk,3,00:00,00:30,19,,,517,6,#111111,0,8470187,Boston Bruins,3721550,BOS,,00:30
2013030216,BOS,Johnny,Boychuk,3,01:56,02:35,20,,,517,6,#111111,0,8470187,Boston Bruins,3721551,BOS,,00:39
2013030216,BOS,Johnny,Boychuk,3,03:58,05:04,21,,,517,6,#111111,0,8470187,Boston Bruins,3721552,BOS,,01:06
2013030216,BOS,Johnny,Boychuk,3,05:40,06:23,22,,,517,6,#111111,0,8470187,Boston Bruins,3721553,BOS,,00:43
2013030216,BOS,Johnny,Boychuk,3,07:54,08:35,23,,,517,6,#111111,0,8470187,Boston Bruins,3721554,BOS,,00:41
2013030216,BOS,Johnny,Boychuk,3,08:46,09:41,24,,,517,6,#111111,0,8470187,Boston Bruins,3721555,BOS,,00:55
2013030216,BOS,Johnny,Boychuk,3,11:05,11:38,25,,,517,6,#111111,0,8470187,Boston Bruins,3721556,BOS,,00:33
2013030216,BOS,Johnny,Boychuk,3,13:37,14:45,26,,,517,6,#111111,0,8470187,Boston Bruins,3721557,BOS,,01:08
2013030216,BOS,Johnny,Boychuk,3,17:22,18:47,27,,,517,6,#111111,0,8470187,Boston Bruins,3721558,BOS,,01:25
2013030216,BOS,Johnny,Boychuk,3,19:36,20:00,28,,,517,6,#111111,0,8470187,Boston Bruins,3721559,BOS,,00:24
2013030216,BOS,Daniel,Paille,1,02:11,03:14,1,,,517,6,#111111,0,8470230,Boston Bruins,3721560,BOS,,01:03
2013030216,BOS,Daniel,Paille,1,05:54,06:12,2,,,517,6,#111111,0,8470230,Boston Bruins,3721561,BOS,,00:18
2013030216,BOS,Daniel,Paille,1,09:34,10:28,3,,,517,6,#111111,0,8470230,Boston Bruins,3721562,BOS,,00:54
2013030216,BOS,Daniel,Paille,1,14:23,15:02,4,,,517,6,#111111,0,8470230,Boston Bruins,3721563,BOS,,00:39
2013030216,BOS,Daniel,Paille,2,01:11,02:28,5,,,517,6,#111111,0,8470230,Boston Bruins,3721564,BOS,,01:17
2013030216,BOS,Daniel,Paille,2,10:33,11:42,6,,,517,6,#111111,0,8470230,Boston Bruins,3721565,BOS,,01:09
2013030216,BOS,Daniel,Paille,2,16:32,17:13,7,,,517,6,#111111,0,8470230,Boston Bruins,3721566,BOS,,00:41
2013030216,BOS,Daniel,Paille,3,01:56,02:45,8,,,517,6,#111111,0,8470230,Boston Bruins,3721567,BOS,,00:49
2013030216,BOS,Daniel,Paille,3,04:46,05:25,9,,,517,6,#111111,0,8470230,Boston Bruins,3721568,BOS,,00:39
2013030216,BOS,Daniel,Paille,3,08:18,08:46,10,,,517,6,#111111,0,8470230,Boston Bruins,3721569,BOS,,00:28
2013030216,BOS,Daniel,Paille,3,16:04,16:50,11,,,517,6,#111111,0,8470230,Boston Bruins,3721570,BOS,,00:46
2013030216,MTL,Josh,Gorges,1,00:00,00:51,1,,,517,8,#AF1E2D,0,8470324,Montréal Canadiens,3721571,MTL,,00:51
2013030216,MTL,Josh,Gorges,1,02:45,03:46,2,,,517,8,#AF1E2D,0,8470324,Montréal Canadiens,3721572,MTL,,01:01
2013030216,MTL,Josh,Gorges,1,05:09,06:05,3,,,517,8,#AF1E2D,0,8470324,Montréal Canadiens,3721573,MTL,,00:56
2013030216,MTL,Josh,Gorges,1,06:29,07:10,4,,,517,8,#AF1E2D,0,8470324,Montréal Canadiens,3721574,MTL,,00:41
2013030216,MTL,Josh,Gorges,1,08:47,09:39,5,,,517,8,#AF1E2D,0,8470324,Montréal Canadiens,3721575,MTL,,00:52
2013030216,MTL,Josh,Gorges,1,10:12,11:22,6,,,517,8,#AF1E2D,0,8470324,Montréal Canadiens,3721576,MTL,,01:10
2013030216,MTL,Josh,Gorges,1,12:23,12:58,7,,,517,8,#AF1E2D,0,8470324,Montréal Canadiens,3721577,MTL,,00:35
2013030216,MTL,Josh,Gorges,1,13:24,14:27,8,,,517,8,#AF1E2D,0,8470324,Montréal Canadiens,3721578,MTL,,01:03
2013030216,MTL,Josh,Gorges,1,15:02,15:38,9,,,517,8,#AF1E2D,0,8470324,Montréal Canadiens,3721579,MTL,,00:36
2013030216,MTL,Josh,Gorges,1,16:21,17:15,10,,,517,8,#AF1E2D,0,8470324,Montréal Canadiens,3721580,MTL,,00:54
2013030216,MTL,Josh,Gorges,1,18:08,18:59,11,,,517,8,#AF1E2D,0,8470324,Montréal Canadiens,3721581,MTL,,00:51
2013030216,MTL,Josh,Gorges,2,02:10,03:09,12,,,517,8,#AF1E2D,0,8470324,Montréal Canadiens,3721582,MTL,,00:59
2013030216,MTL,Josh,Gorges,2,04:57,05:45,13,,,517,8,#AF1E2D,0,8470324,Montréal Canadiens,3721583,MTL,,00:48
2013030216,MTL,Josh,Gorges,2,06:21,09:21,14,,,517,8,#AF1E2D,0,8470324,Montréal Canadiens,3721584,MTL,,03:00
2013030216,MTL,Josh,Gorges,2,10:04,10:36,15,,,517,8,#AF1E2D,0,8470324,Montréal Canadiens,3721585,MTL,,00:32
2013030216,MTL,Josh,Gorges,2,12:24,13:14,16,,,517,8,#AF1E2D,0,8470324,Montréal Canadiens,3721586,MTL,,00:50
2013030216,MTL,Josh,Gorges,2,13:58,14:39,17,,,517,8,#AF1E2D,0,8470324,Montréal Canadiens,3721587,MTL,,00:41
2013030216,MTL,Josh,Gorges,2,15:24,16:09,18,,,517,8,#AF1E2D,0,8470324,Montréal Canadiens,3721588,MTL,,00:45
2013030216,MTL,Josh,Gorges,2,17:39,18:08,19,,,517,8,#AF1E2D,0,8470324,Montréal Canadiens,3721589,MTL,,00:29
2013030216,MTL,Josh,Gorges,2,19:06,19:42,20,,,517,8,#AF1E2D,0,8470324,Montréal Canadiens,3721590,MTL,,00:36
2013030216,MTL,Josh,Gorges,3,00:00,00:30,21,,,517,8,#AF1E2D,0,8470324,Montréal Canadiens,3721591,MTL,,00:30
2013030216,MTL,Josh,Gorges,3,01:53,02:24,22,,,517,8,#AF1E2D,0,8470324,Montréal Canadiens,3721592,MTL,,00:31
2013030216,MTL,Josh,Gorges,3,03:57,03:58,23,,,517,8,#AF1E2D,0,8470324,Montréal Canadiens,3721593,MTL,,00:01
2013030216,MTL,Josh,Gorges,3,06:17,07:00,24,,,517,8,#AF1E2D,0,8470324,Montréal Canadiens,3721594,MTL,,00:43
2013030216,MTL,Josh,Gorges,3,07:38,08:22,25,,,517,8,#AF1E2D,0,8470324,Montréal Canadiens,3721595,MTL,,00:44
2013030216,MTL,Josh,Gorges,3,09:30,11:05,26,,,517,8,#AF1E2D,0,8470324,Montréal Canadiens,3721596,MTL,,01:35
2013030216,MTL,Josh,Gorges,3,11:59,12:33,27,,,517,8,#AF1E2D,0,8470324,Montréal Canadiens,3721597,MTL,,00:34
2013030216,MTL,Josh,Gorges,3,13:33,15:22,28,,,517,8,#AF1E2D,0,8470324,Montréal Canadiens,3721598,MTL,,01:49
2013030216,MTL,Josh,Gorges,3,16:50,17:36,29,,,517,8,#AF1E2D,0,8470324,Montréal Canadiens,3721599,MTL,,00:46
2013030216,MTL,Josh,Gorges,3,18:38,19:10,30,,,517,8,#AF1E2D,0,8470324,Montréal Canadiens,3721600,MTL,,00:32
2013030216,MTL,Josh,Gorges,3,19:36,20:00,31,,,517,8,#AF1E2D,0,8470324,Montréal Canadiens,3721601,MTL,,00:24
2013030216,MTL,Thomas,Vanek,1,00:00,00:41,1,,,517,8,#AF1E2D,0,8470598,Montréal Canadiens,3721602,MTL,,00:41
2013030216,MTL,Thomas,Vanek,1,03:27,03:46,2,,,517,8,#AF1E2D,0,8470598,Montréal Canadiens,3721603,MTL,,00:19
2013030216,MTL,Thomas,Vanek,1,06:12,06:29,3,,,517,8,#AF1E2D,0,8470598,Montréal Canadiens,3721604,MTL,,00:17
2013030216,MTL,Thomas,Vanek,1,07:23,08:13,4,,,517,8,#AF1E2D,0,8470598,Montréal Canadiens,3721605,MTL,,00:50
2013030216,MTL,Thomas,Vanek,1,10:30,11:22,5,,,517,8,#AF1E2D,0,8470598,Montréal Canadiens,3721606,MTL,,00:52
2013030216,MTL,Thomas,Vanek,1,15:02,15:38,6,,,517,8,#AF1E2D,0,8470598,Montréal Canadiens,3721607,MTL,,00:36
2013030216,MTL,Thomas,Vanek,1,18:25,19:04,7,,,517,8,#AF1E2D,0,8470598,Montréal Canadiens,3721608,MTL,,00:39
2013030216,MTL,Thomas,Vanek,2,17:39,17:39,0,PPG,"Max Pacioretty, Andrei Markov",505,8,#AF1E2D,806,8470598,Montréal Canadiens,5279120,MTL,476,
2013030216,MTL,Thomas,Vanek,2,00:00,00:50,8,,,517,8,#AF1E2D,0,8470598,Montréal Canadiens,3721609,MTL,,00:50
2013030216,MTL,Thomas,Vanek,2,03:44,04:14,9,,,517,8,#AF1E2D,0,8470598,Montréal Canadiens,3721610,MTL,,00:30
2013030216,MTL,Thomas,Vanek,2,10:04,10:53,10,,,517,8,#AF1E2D,0,8470598,Montréal Canadiens,3721611,MTL,,00:49
2013030216,MTL,Thomas,Vanek,2,13:07,14:08,11,,,517,8,#AF1E2D,0,8470598,Montréal Canadiens,3721612,MTL,,01:01
2013030216,MTL,Thomas,Vanek,2,16:09,16:36,12,,,517,8,#AF1E2D,0,8470598,Montréal Canadiens,3721613,MTL,,00:27
2013030216,MTL,Thomas,Vanek,2,17:13,17:39,13,,,517,8,#AF1E2D,0,8470598,Montréal Canadiens,3721614,MTL,,00:26
2013030216,MTL,Thomas,Vanek,3,16:04,16:04,0,EVG,David Desharnais,505,8,#AF1E2D,803,8470598,Montréal Canadiens,5279121,MTL,681,
2013030216,MTL,Thomas,Vanek,3,00:00,00:30,14,,,517,8,#AF1E2D,0,8470598,Montréal Canadiens,3721615,MTL,,00:30
2013030216,MTL,Thomas,Vanek,3,01:46,01:56,15,,,517,8,#AF1E2D,0,8470598,Montréal Canadiens,3721616,MTL,,00:10
2013030216,MTL,Thomas,Vanek,3,02:50,03:45,16,,,517,8,#AF1E2D,0,8470598,Montréal Canadiens,3721617,MTL,,00:55
2013030216,MTL,Thomas,Vanek,3,03:58,04:54,17,,,517,8,#AF1E2D,0,8470598,Montréal Canadiens,3721618,MTL,,00:56
2013030216,MTL,Thomas,Vanek,3,08:43,09:40,18,,,517,8,#AF1E2D,0,8470598,Montréal Canadiens,3721619,MTL,,00:57
2013030216,MTL,Thomas,Vanek,3,11:38,12:37,19,,,517,8,#AF1E2D,0,8470598,Montréal Canadiens,3721620,MTL,,00:59
2013030216,MTL,Thomas,Vanek,3,15:22,16:04,20,,,517,8,#AF1E2D,0,8470598,Montréal Canadiens,3721621,MTL,,00:42
2013030216,MTL,Thomas,Vanek,3,16:50,17:31,21,,,517,8,#AF1E2D,0,8470598,Montréal Canadiens,3721622,MTL,,00:41
2013030216,BOS,Loui,Eriksson,1,01:32,02:11,1,,,517,6,#111111,0,8470626,Boston Bruins,3721623,BOS,,00:39
2013030216,BOS,Loui,Eriksson,1,04:49,05:54,2,,,517,6,#111111,0,8470626,Boston Bruins,3721624,BOS,,01:05
2013030216,BOS,Loui,Eriksson,1,08:07,09:45,3,,,517,6,#111111,0,8470626,Boston Bruins,3721625,BOS,,01:38
2013030216,BOS,Loui,Eriksson,1,12:15,12:59,4,,,517,6,#111111,0,8470626,Boston Bruins,3721626,BOS,,00:44
2013030216,BOS,Loui,Eriksson,1,15:38,16:21,5,,,517,6,#111111,0,8470626,Boston Bruins,3721627,BOS,,00:43
2013030216,BOS,Loui,Eriksson,1,18:29,19:05,6,,,517,6,#111111,0,8470626,Boston Bruins,3721628,BOS,,00:36
2013030216,BOS,Loui,Eriksson,2,00:36,01:11,7,,,517,6,#111111,0,8470626,Boston Bruins,3721629,BOS,,00:35
2013030216,BOS,Loui,Eriksson,2,04:45,05:45,8,,,517,6,#111111,0,8470626,Boston Bruins,3721630,BOS,,01:00
2013030216,BOS,Loui,Eriksson,2,06:49,08:38,9,,,517,6,#111111,0,8470626,Boston Bruins,3721631,BOS,,01:49
2013030216,BOS,Loui,Eriksson,2,11:34,12:24,10,,,517,6,#111111,0,8470626,Boston Bruins,3721632,BOS,,00:50
2013030216,BOS,Loui,Eriksson,2,14:41,15:24,11,,,517,6,#111111,0,8470626,Boston Bruins,3721633,BOS,,00:43
2013030216,BOS,Loui,Eriksson,2,17:13,17:39,12,,,517,6,#111111,0,8470626,Boston Bruins,3721634,BOS,,00:26
2013030216,BOS,Loui,Eriksson,2,18:08,19:04,13,,,517,6,#111111,0,8470626,Boston Bruins,3721635,BOS,,00:56
2013030216,BOS,Loui,Eriksson,3,01:08,01:56,14,,,517,6,#111111,0,8470626,Boston Bruins,3721636,BOS,,00:48
2013030216,BOS,Loui,Eriksson,3,03:58,04:20,15,,,517,6,#111111,0,8470626,Boston Bruins,3721637,BOS,,00:22
2013030216,BOS,Loui,Eriksson,3,07:28,08:18,16,,,517,6,#111111,0,8470626,Boston Bruins,3721638,BOS,,00:50
2013030216,BOS,Loui,Eriksson,3,11:05,11:55,17,,,517,6,#111111,0,8470626,Boston Bruins,3721639,BOS,,00:50
2013030216,BOS,Loui,Eriksson,3,12:52,13:37,18,,,517,6,#111111,0,8470626,Boston Bruins,3721640,BOS,,00:45
2013030216,BOS,Loui,Eriksson,3,15:53,16:04,19,,,517,6,#111111,0,8470626,Boston Bruins,3721641,BOS,,00:11
2013030216,BOS,Loui,Eriksson,3,17:36,18:35,20,,,517,6,#111111,0,8470626,Boston Bruins,3721642,BOS,,00:59
2013030216,BOS,Patrice,Bergeron,1,00:00,00:43,1,,,517,6,#111111,0,8470638,Boston Bruins,3721643,BOS,,00:43
2013030216,BOS,Patrice,Bergeron,1,03:05,03:55,2,,,517,6,#111111,0,8470638,Boston Bruins,3721644,BOS,,00:50
2013030216,BOS,Patrice,Bergeron,1,06:12,06:29,3,,,517,6,#111111,0,8470638,Boston Bruins,3721645,BOS,,00:17
2013030216,BOS,Patrice,Bergeron,1,07:10,08:07,4,,,517,6,#111111,0,8470638,Boston Bruins,3721646,BOS,,00:57
2013030216,BOS,Patrice,Bergeron,1,11:33,12:15,5,,,517,6,#111111,0,8470638,Boston Bruins,3721647,BOS,,00:42
2013030216,BOS,Patrice,Bergeron,1,12:23,12:59,6,,,517,6,#111111,0,8470638,Boston Bruins,3721648,BOS,,00:36
2013030216,BOS,Patrice,Bergeron,1,15:02,15:38,7,,,517,6,#111111,0,8470638,Boston Bruins,3721649,BOS,,00:36
2013030216,BOS,Patrice,Bergeron,1,17:38,18:29,8,,,517,6,#111111,0,8470638,Boston Bruins,3721650,BOS,,00:51
2013030216,BOS,Patrice,Bergeron,2,00:00,00:36,9,,,517,6,#111111,0,8470638,Boston Bruins,3721651,BOS,,00:36
2013030216,BOS,Patrice,Bergeron,2,02:28,03:28,10,,,517,6,#111111,0,8470638,Boston Bruins,3721652,BOS,,01:00
2013030216,BOS,Patrice,Bergeron,2,05:08,05:45,11,,,517,6,#111111,0,8470638,Boston Bruins,3721653,BOS,,00:37
2013030216,BOS,Patrice,Bergeron,2,06:29,06:49,12,,,517,6,#111111,0,8470638,Boston Bruins,3721654,BOS,,00:20
2013030216,BOS,Patrice,Bergeron,2,09:40,10:33,13,,,517,6,#111111,0,8470638,Boston Bruins,3721655,BOS,,00:53
2013030216,BOS,Patrice,Bergeron,2,13:14,13:53,14,,,517,6,#111111,0,8470638,Boston Bruins,3721656,BOS,,00:39
2013030216,BOS,Patrice,Bergeron,2,14:41,15:24,15,,,517,6,#111111,0,8470638,Boston Bruins,3721657,BOS,,00:43
2013030216,BOS,Patrice,Bergeron,2,16:36,17:13,16,,,517,6,#111111,0,8470638,Boston Bruins,3721658,BOS,,00:37
2013030216,BOS,Patrice,Bergeron,2,17:39,18:08,17,,,517,6,#111111,0,8470638,Boston Bruins,3721659,BOS,,00:29
2013030216,BOS,Patrice,Bergeron,2,19:44,20:00,18,,,517,6,#111111,0,8470638,Boston Bruins,3721660,BOS,,00:16
2013030216,BOS,Patrice,Bergeron,3,00:00,00:30,19,,,517,6,#111111,0,8470638,Boston Bruins,3721661,BOS,,00:30
2013030216,BOS,Patrice,Bergeron,3,02:45,03:36,20,,,517,6,#111111,0,8470638,Boston Bruins,3721662,BOS,,00:51
2013030216,BOS,Patrice,Bergeron,3,04:20,04:46,21,,,517,6,#111111,0,8470638,Boston Bruins,3721663,BOS,,00:26
2013030216,BOS,Patrice,Bergeron,3,05:22,06:16,22,,,517,6,#111111,0,8470638,Boston Bruins,3721664,BOS,,00:54
2013030216,BOS,Patrice,Bergeron,3,08:46,09:41,23,,,517,6,#111111,0,8470638,Boston Bruins,3721665,BOS,,00:55
2013030216,BOS,Patrice,Bergeron,3,11:55,12:39,24,,,517,6,#111111,0,8470638,Boston Bruins,3721666,BOS,,00:44
2013030216,BOS,Patrice,Bergeron,3,13:37,14:45,25,,,517,6,#111111,0,8470638,Boston Bruins,3721667,BOS,,01:08
2013030216,BOS,Patrice,Bergeron,3,15:50,16:04,26,,,517,6,#111111,0,8470638,Boston Bruins,3721668,BOS,,00:14
2013030216,BOS,Patrice,Bergeron,3,18:47,19:10,27,,,517,6,#111111,0,8470638,Boston Bruins,3721669,BOS,,00:23
2013030216,BOS,Carl,Soderberg,1,01:32,02:11,1,,,517,6,#111111,0,8471262,Boston Bruins,3721670,BOS,,00:39
2013030216,BOS,Carl,Soderberg,1,04:42,05:54,2,,,517,6,#111111,0,8471262,Boston Bruins,3721671,BOS,,01:12
2013030216,BOS,Carl,Soderberg,1,08:07,09:34,3,,,517,6,#111111,0,8471262,Boston Bruins,3721672,BOS,,01:27
2013030216,BOS,Carl,Soderberg,1,12:15,12:59,4,,,517,6,#111111,0,8471262,Boston Bruins,3721673,BOS,,00:44
2013030216,BOS,Carl,Soderberg,1,15:38,16:21,5,,,517,6,#111111,0,8471262,Boston Bruins,3721674,BOS,,00:43
2013030216,BOS,Carl,Soderberg,1,18:29,19:05,6,,,517,6,#111111,0,8471262,Boston Bruins,3721675,BOS,,00:36
2013030216,BOS,Carl,Soderberg,2,04:56,05:45,7,,,517,6,#111111,0,8471262,Boston Bruins,3721676,BOS,,00:49
2013030216,BOS,Carl,Soderberg,2,06:49,08:32,8,,,517,6,#111111,0,8471262,Boston Bruins,3721677,BOS,,01:43
2013030216,BOS,Carl,Soderberg,2,11:34,12:24,9,,,517,6,#111111,0,8471262,Boston Bruins,3721678,BOS,,00:50
2013030216,BOS,Carl,Soderberg,2,14:41,15:24,10,,,517,6,#111111,0,8471262,Boston Bruins,3721679,BOS,,00:43
2013030216,BOS,Carl,Soderberg,2,18:08,19:04,11,,,517,6,#111111,0,8471262,Boston Bruins,3721680,BOS,,00:56
2013030216,BOS,Carl,Soderberg,3,01:08,01:56,12,,,517,6,#111111,0,8471262,Boston Bruins,3721681,BOS,,00:48
2013030216,BOS,Carl,Soderberg,3,07:28,08:18,13,,,517,6,#111111,0,8471262,Boston Bruins,3721682,BOS,,00:50
2013030216,BOS,Carl,Soderberg,3,11:05,11:55,14,,,517,6,#111111,0,8471262,Boston Bruins,3721683,BOS,,00:50
2013030216,BOS,Carl,Soderberg,3,12:52,13:37,15,,,517,6,#111111,0,8471262,Boston Bruins,3721684,BOS,,00:45
2013030216,BOS,Carl,Soderberg,3,17:36,18:47,16,,,517,6,#111111,0,8471262,Boston Bruins,3721685,BOS,,01:11
2013030216,BOS,David,Krejci,1,00:43,01:32,1,,,517,6,#111111,0,8471276,Boston Bruins,3721686,BOS,,00:49
2013030216,BOS,David,Krejci,1,03:55,04:42,2,,,517,6,#111111,0,8471276,Boston Bruins,3721687,BOS,,00:47
2013030216,BOS,David,Krejci,1,06:29,07:10,3,,,517,6,#111111,0,8471276,Boston Bruins,3721688,BOS,,00:41
2013030216,BOS,David,Krejci,1,10:28,11:33,4,,,517,6,#111111,0,8471276,Boston Bruins,3721689,BOS,,01:05
2013030216,BOS,David,Krejci,1,12:59,14:23,5,,,517,6,#111111,0,8471276,Boston Bruins,3721690,BOS,,01:24
2013030216,BOS,David,Krejci,1,16:21,17:02,6,,,517,6,#111111,0,8471276,Boston Bruins,3721691,BOS,,00:41
2013030216,BOS,David,Krejci,1,18:29,18:37,7,,,517,6,#111111,0,8471276,Boston Bruins,3721692,BOS,,00:08
2013030216,BOS,David,Krejci,1,19:05,20:00,8,,,517,6,#111111,0,8471276,Boston Bruins,3721693,BOS,,00:55
2013030216,BOS,David,Krejci,2,00:36,01:11,9,,,517,6,#111111,0,8471276,Boston Bruins,3721694,BOS,,00:35
2013030216,BOS,David,Krejci,2,03:28,04:56,10,,,517,6,#111111,0,8471276,Boston Bruins,3721695,BOS,,01:28
2013030216,BOS,David,Krejci,2,05:45,06:29,11,,,517,6,#111111,0,8471276,Boston Bruins,3721696,BOS,,00:44
2013030216,BOS,David,Krejci,2,08:32,09:40,12,,,517,6,#111111,0,8471276,Boston Bruins,3721697,BOS,,01:08
2013030216,BOS,David,Krejci,2,12:24,13:14,13,,,517,6,#111111,0,8471276,Boston Bruins,3721698,BOS,,00:50
2013030216,BOS,David,Krejci,2,13:53,14:41,14,,,517,6,#111111,0,8471276,Boston Bruins,3721699,BOS,,00:48
2013030216,BOS,David,Krejci,2,15:24,16:36,15,,,517,6,#111111,0,8471276,Boston Bruins,3721700,BOS,,01:12
2013030216,BOS,David,Krejci,2,17:13,17:39,16,,,517,6,#111111,0,8471276,Boston Bruins,3721701,BOS,,00:26
2013030216,BOS,David,Krejci,2,19:04,19:44,17,,,517,6,#111111,0,8471276,Boston Bruins,3721702,BOS,,00:40
2013030216,BOS,David,Krejci,3,00:30,01:08,18,,,517,6,#111111,0,8471276,Boston Bruins,3721703,BOS,,00:38
2013030216,BOS,David,Krejci,3,03:36,04:20,19,,,517,6,#111111,0,8471276,Boston Bruins,3721704,BOS,,00:44
2013030216,BOS,David,Krejci,3,06:16,07:28,20,,,517,6,#111111,0,8471276,Boston Bruins,3721705,BOS,,01:12
2013030216,BOS,David,Krejci,3,09:41,11:05,21,,,517,6,#111111,0,8471276,Boston Bruins,3721706,BOS,,01:24
2013030216,BOS,David,Krejci,3,12:39,12:52,22,,,517,6,#111111,0,8471276,Boston Bruins,3721707,BOS,,00:13
2013030216,BOS,David,Krejci,3,14:45,15:50,23,,,517,6,#111111,0,8471276,Boston Bruins,3721708,BOS,,01:05
2013030216,BOS,David,Krejci,3,16:50,17:36,24,,,517,6,#111111,0,8471276,Boston Bruins,3721709,BOS,,00:46
2013030216,BOS,David,Krejci,3,19:10,19:36,25,,,517,6,#111111,0,8471276,Boston Bruins,3721710,BOS,,00:26
2013030216,MTL,Brandon,Prust,1,02:11,03:15,1,,,517,8,#AF1E2D,0,8471283,Montréal Canadiens,3721711,MTL,,01:04
2013030216,MTL,Brandon,Prust,1,05:34,06:09,2,,,517,8,#AF1E2D,0,8471283,Montréal Canadiens,3721712,MTL,,00:35
2013030216,MTL,Brandon,Prust,1,09:48,10:43,3,,,517,8,#AF1E2D,0,8471283,Montréal Canadiens,3721713,MTL,,00:55
2013030216,MTL,Brandon,Prust,1,13:34,14:09,4,,,517,8,#AF1E2D,0,8471283,Montréal Canadiens,3721714,MTL,,00:35
2013030216,MTL,Brandon,Prust,1,19:26,20:00,5,,,517,8,#AF1E2D,0,8471283,Montréal Canadiens,3721715,MTL,,00:34
2013030216,MTL,Brandon,Prust,2,04:23,05:08,6,,,517,8,#AF1E2D,0,8471283,Montréal Canadiens,3721716,MTL,,00:45
2013030216,MTL,Brandon,Prust,2,06:29,06:49,7,,,517,8,#AF1E2D,0,8471283,Montréal Canadiens,3721717,MTL,,00:20
2013030216,MTL,Brandon,Prust,2,10:47,11:30,8,,,517,8,#AF1E2D,0,8471283,Montréal Canadiens,3721718,MTL,,00:43
2013030216,MTL,Brandon,Prust,2,13:58,14:41,9,,,517,8,#AF1E2D,0,8471283,Montréal Canadiens,3721719,MTL,,00:43
2013030216,MTL,Brandon,Prust,2,16:36,17:13,10,,,517,8,#AF1E2D,0,8471283,Montréal Canadiens,3721720,MTL,,00:37
2013030216,MTL,Brandon,Prust,3,01:56,02:46,11,,,517,8,#AF1E2D,0,8471283,Montréal Canadiens,3721721,MTL,,00:50
2013030216,MTL,Brandon,Prust,3,07:12,07:52,12,,,517,8,#AF1E2D,0,8471283,Montréal Canadiens,3721722,MTL,,00:40
2013030216,MTL,Brandon,Prust,3,12:52,13:37,13,,,517,8,#AF1E2D,0,8471283,Montréal Canadiens,3721723,MTL,,00:45
2013030216,MTL,Brandon,Prust,3,16:04,16:50,14,,,517,8,#AF1E2D,0,8471283,Montréal Canadiens,3721724,MTL,,00:46
2013030216,MTL,Brandon,Prust,3,17:36,18:38,15,,,517,8,#AF1E2D,0,8471283,Montréal Canadiens,3721725,MTL,,01:02
2013030216,MTL,Brandon,Prust,3,19:36,20:00,16,,,517,8,#AF1E2D,0,8471283,Montréal Canadiens,3721726,MTL,,00:24
2013030216,MTL,Alexei,Emelin,1,00:35,01:46,1,,,517,8,#AF1E2D,0,8471296,Montréal Canadiens,3721727,MTL,,01:11
2013030216,MTL,Alexei,Emelin,1,02:11,02:45,2,,,517,8,#AF1E2D,0,8471296,Montréal Canadiens,3721728,MTL,,00:34
2013030216,MTL,Alexei,Emelin,1,03:46,04:35,3,,,517,8,#AF1E2D,0,8471296,Montréal Canadiens,3721729,MTL,,00:49
2013030216,MTL,Alexei,Emelin,1,05:42,06:29,4,,,517,8,#AF1E2D,0,8471296,Montréal Canadiens,3721730,MTL,,00:47
2013030216,MTL,Alexei,Emelin,1,07:10,08:07,5,,,517,8,#AF1E2D,0,8471296,Montréal Canadiens,3721731,MTL,,00:57
2013030216,MTL,Alexei,Emelin,1,09:39,10:12,6,,,517,8,#AF1E2D,0,8471296,Montréal Canadiens,3721732,MTL,,00:33
2013030216,MTL,Alexei,Emelin,1,11:22,12:15,7,,,517,8,#AF1E2D,0,8471296,Montréal Canadiens,3721733,MTL,,00:53
2013030216,MTL,Alexei,Emelin,1,12:23,12:58,8,,,517,8,#AF1E2D,0,8471296,Montréal Canadiens,3721734,MTL,,00:35
2013030216,MTL,Alexei,Emelin,1,13:24,14:27,9,,,517,8,#AF1E2D,0,8471296,Montréal Canadiens,3721735,MTL,,01:03
2013030216,MTL,Alexei,Emelin,1,15:38,16:12,10,,,517,8,#AF1E2D,0,8471296,Montréal Canadiens,3721736,MTL,,00:34
2013030216,MTL,Alexei,Emelin,1,17:35,18:08,11,,,517,8,#AF1E2D,0,8471296,Montréal Canadiens,3721737,MTL,,00:33
2013030216,MTL,Alexei,Emelin,1,19:26,20:00,12,,,517,8,#AF1E2D,0,8471296,Montréal Canadiens,3721738,MTL,,00:34
2013030216,MTL,Alexei,Emelin,2,03:09,04:17,13,,,517,8,#AF1E2D,0,8471296,Montréal Canadiens,3721739,MTL,,01:08
2013030216,MTL,Alexei,Emelin,2,05:45,06:21,14,,,517,8,#AF1E2D,0,8471296,Montréal Canadiens,3721740,MTL,,00:36
2013030216,MTL,Alexei,Emelin,2,09:21,10:04,15,,,517,8,#AF1E2D,0,8471296,Montréal Canadiens,3721741,MTL,,00:43
2013030216,MTL,Alexei,Emelin,2,11:24,12:24,16,,,517,8,#AF1E2D,0,8471296,Montréal Canadiens,3721742,MTL,,01:00
2013030216,MTL,Alexei,Emelin,2,13:14,13:58,17,,,517,8,#AF1E2D,0,8471296,Montréal Canadiens,3721743,MTL,,00:44
2013030216,MTL,Alexei,Emelin,2,16:09,17:13,18,,,517,8,#AF1E2D,0,8471296,Montréal Canadiens,3721744,MTL,,01:04
2013030216,MTL,Alexei,Emelin,2,18:08,19:06,19,,,517,8,#AF1E2D,0,8471296,Montréal Canadiens,3721745,MTL,,00:58
2013030216,MTL,Alexei,Emelin,2,19:44,20:00,20,,,517,8,#AF1E2D,0,8471296,Montréal Canadiens,3721746,MTL,,00:16
2013030216,MTL,Alexei,Emelin,3,00:30,01:08,21,,,517,8,#AF1E2D,0,8471296,Montréal Canadiens,3721747,MTL,,00:38
2013030216,MTL,Alexei,Emelin,3,02:24,03:38,22,,,517,8,#AF1E2D,0,8471296,Montréal Canadiens,3721748,MTL,,01:14
2013030216,MTL,Alexei,Emelin,3,05:25,06:17,23,,,517,8,#AF1E2D,0,8471296,Montréal Canadiens,3721749,MTL,,00:52
2013030216,MTL,Alexei,Emelin,3,08:46,09:30,24,,,517,8,#AF1E2D,0,8471296,Montréal Canadiens,3721750,MTL,,00:44
2013030216,MTL,Alexei,Emelin,3,11:05,11:38,25,,,517,8,#AF1E2D,0,8471296,Montréal Canadiens,3721751,MTL,,00:33
2013030216,MTL,Alexei,Emelin,3,12:52,13:27,26,,,517,8,#AF1E2D,0,8471296,Montréal Canadiens,3721752,MTL,,00:35
2013030216,MTL,Alexei,Emelin,3,15:22,16:04,27,,,517,8,#AF1E2D,0,8471296,Montréal Canadiens,3721753,MTL,,00:42
2013030216,MTL,Alexei,Emelin,3,18:38,19:10,28,,,517,8,#AF1E2D,0,8471296,Montréal Canadiens,3721754,MTL,,00:32
2013030216,MTL,Alexei,Emelin,3,19:36,20:00,29,,,517,8,#AF1E2D,0,8471296,Montréal Canadiens,3721755,MTL,,00:24
2013030216,MTL,Rene,Bourque,1,01:31,02:11,1,,,517,8,#AF1E2D,0,8471504,Montréal Canadiens,3721756,MTL,,00:40
2013030216,MTL,Rene,Bourque,1,03:59,04:35,2,,,517,8,#AF1E2D,0,8471504,Montréal Canadiens,3721757,MTL,,00:36
2013030216,MTL,Rene,Bourque,1,07:10,07:23,3,,,517,8,#AF1E2D,0,8471504,Montréal Canadiens,3721758,MTL,,00:13
2013030216,MTL,Rene,Bourque,1,08:19,08:47,4,,,517,8,#AF1E2D,0,8471504,Montréal Canadiens,3721759,MTL,,00:28
2013030216,MTL,Rene,Bourque,1,11:32,11:54,5,,,517,8,#AF1E2D,0,8471504,Montréal Canadiens,3721760,MTL,,00:22
2013030216,MTL,Rene,Bourque,1,12:15,12:23,6,,,517,8,#AF1E2D,0,8471504,Montréal Canadiens,3721761,MTL,,00:08
2013030216,MTL,Rene,Bourque,1,14:27,15:02,7,,,517,8,#AF1E2D,0,8471504,Montréal Canadiens,3721762,MTL,,00:35
2013030216,MTL,Rene,Bourque,1,18:59,19:26,8,,,517,8,#AF1E2D,0,8471504,Montréal Canadiens,3721763,MTL,,00:27
2013030216,MTL,Rene,Bourque,2,02:10,03:16,9,,,517,8,#AF1E2D,0,8471504,Montréal Canadiens,3721764,MTL,,01:06
2013030216,MTL,Rene,Bourque,2,11:30,12:00,10,,,517,8,#AF1E2D,0,8471504,Montréal Canadiens,3721765,MTL,,00:30
2013030216,MTL,Rene,Bourque,2,12:24,13:07,11,,,517,8,#AF1E2D,0,8471504,Montréal Canadiens,3721766,MTL,,00:43
2013030216,MTL,Rene,Bourque,2,15:24,16:19,12,,,517,8,#AF1E2D,0,8471504,Montréal Canadiens,3721767,MTL,,00:55
2013030216,MTL,Rene,Bourque,2,17:39,18:08,13,,,517,8,#AF1E2D,0,8471504,Montréal Canadiens,3721768,MTL,,00:29
2013030216,MTL,Rene,Bourque,2,19:44,20:00,14,,,517,8,#AF1E2D,0,8471504,Montréal Canadiens,3721769,MTL,,00:16
2013030216,MTL,Rene,Bourque,3,00:30,00:43,15,,,517,8,#AF1E2D,0,8471504,Montréal Canadiens,3721770,MTL,,00:13
2013030216,MTL,Rene,Bourque,3,01:08,01:56,16,,,517,8,#AF1E2D,0,8471504,Montréal Canadiens,3721771,MTL,,00:48
2013030216,MTL,Rene,Bourque,3,06:20,07:12,17,,,517,8,#AF1E2D,0,8471504,Montréal Canadiens,3721772,MTL,,00:52
2013030216,MTL,Rene,Bourque,3,11:05,11:38,18,,,517,8,#AF1E2D,0,8471504,Montréal Canadiens,3721773,MTL,,00:33
2013030216,MTL,Rene,Bourque,3,13:37,15:22,19,,,517,8,#AF1E2D,0,8471504,Montréal Canadiens,3721774,MTL,,01:45
2013030216,MTL,Carey,Price,1,00:00,20:00,1,,,517,8,#AF1E2D,0,8471679,Montréal Canadiens,3721775,MTL,,20:00
2013030216,MTL,Carey,Price,2,00:00,20:00,2,,,517,8,#AF1E2D,0,8471679,Montréal Canadiens,3721776,MTL,,20:00
2013030216,MTL,Carey,Price,3,00:00,20:00,3,,,517,8,#AF1E2D,0,8471679,Montréal Canadiens,3721777,MTL,,20:00
2013030216,BOS,Tuukka,Rask,1,00:00,20:00,1,,,517,6,#111111,0,8471695,Boston Bruins,3721778,BOS,,20:00
2013030216,BOS,Tuukka,Rask,2,00:00,20:00,2,,,517,6,#111111,0,8471695,Boston Bruins,3721779,BOS,,20:00
2013030216,BOS,Tuukka,Rask,3,00:00,20:00,3,,,517,6,#111111,0,8471695,Boston Bruins,3721780,BOS,,20:00
2013030216,MTL,David,Desharnais,1,00:35,01:31,1,,,517,8,#AF1E2D,0,8471976,Montréal Canadiens,3721781,MTL,,00:56
2013030216,MTL,David,Desharnais,1,03:46,03:59,2,,,517,8,#AF1E2D,0,8471976,Montréal Canadiens,3721782,MTL,,00:13
2013030216,MTL,David,Desharnais,1,04:35,05:42,3,,,517,8,#AF1E2D,0,8471976,Montréal Canadiens,3721783,MTL,,01:07
2013030216,MTL,David,Desharnais,1,06:29,07:10,4,,,517,8,#AF1E2D,0,8471976,Montréal Canadiens,3721784,MTL,,00:41
2013030216,MTL,David,Desharnais,1,08:47,10:00,5,,,517,8,#AF1E2D,0,8471976,Montréal Canadiens,3721785,MTL,,01:13
2013030216,MTL,David,Desharnais,1,11:54,12:15,6,,,517,8,#AF1E2D,0,8471976,Montréal Canadiens,3721786,MTL,,00:21
2013030216,MTL,David,Desharnais,1,15:38,16:12,7,,,517,8,#AF1E2D,0,8471976,Montréal Canadiens,3721787,MTL,,00:34
2013030216,MTL,David,Desharnais,1,17:35,18:29,8,,,517,8,#AF1E2D,0,8471976,Montréal Canadiens,3721788,MTL,,00:54
2013030216,MTL,David,Desharnais,2,00:00,00:50,9,,,517,8,#AF1E2D,0,8471976,Montréal Canadiens,3721789,MTL,,00:50
2013030216,MTL,David,Desharnais,2,09:21,09:56,10,,,517,8,#AF1E2D,0,8471976,Montréal Canadiens,3721790,MTL,,00:35
2013030216,MTL,David,Desharnais,2,12:00,12:24,11,,,517,8,#AF1E2D,0,8471976,Montréal Canadiens,3721791,MTL,,00:24
2013030216,MTL,David,Desharnais,2,14:41,15:24,12,,,517,8,#AF1E2D,0,8471976,Montréal Canadiens,3721792,MTL,,00:43
2013030216,MTL,David,Desharnais,2,17:13,17:39,13,,,517,8,#AF1E2D,0,8471976,Montréal Canadiens,3721793,MTL,,00:26
2013030216,MTL,David,Desharnais,2,19:06,19:44,14,,,517,8,#AF1E2D,0,8471976,Montréal Canadiens,3721794,MTL,,00:38
2013030216,MTL,David,Desharnais,3,00:43,01:08,15,,,517,8,#AF1E2D,0,8471976,Montréal Canadiens,3721795,MTL,,00:25
2013030216,MTL,David,Desharnais,3,03:35,04:47,16,,,517,8,#AF1E2D,0,8471976,Montréal Canadiens,3721796,MTL,,01:12
2013030216,MTL,David,Desharnais,3,07:38,08:43,17,,,517,8,#AF1E2D,0,8471976,Montréal Canadiens,3721797,MTL,,01:05
2013030216,MTL,David,Desharnais,3,09:30,11:05,18,,,517,8,#AF1E2D,0,8471976,Montréal Canadiens,3721798,MTL,,01:35
2013030216,MTL,David,Desharnais,3,12:21,12:52,19,,,517,8,#AF1E2D,0,8471976,Montréal Canadiens,3721799,MTL,,00:31
2013030216,MTL,David,Desharnais,3,15:56,16:04,20,,,517,8,#AF1E2D,0,8471976,Montréal Canadiens,3721800,MTL,,00:08
2013030216,MTL,David,Desharnais,3,18:32,19:10,21,,,517,8,#AF1E2D,0,8471976,Montréal Canadiens,3721801,MTL,,00:38
2013030216,BOS,Brad,Marchand,1,00:00,00:43,1,,,517,6,#111111,0,8473419,Boston Bruins,3721802,BOS,,00:43
2013030216,BOS,Brad,Marchand,1,03:14,03:52,2,,,517,6,#111111,0,8473419,Boston Bruins,3721803,BOS,,00:38
2013030216,BOS,Brad,Marchand,1,06:12,06:29,3,,,517,6,#111111,0,8473419,Boston Bruins,3721804,BOS,,00:17
2013030216,BOS,Brad,Marchand,1,07:10,08:31,4,,,517,6,#111111,0,8473419,Boston Bruins,3721805,BOS,,01:21
2013030216,BOS,Brad,Marchand,1,11:40,12:15,5,,,517,6,#111111,0,8473419,Boston Bruins,3721806,BOS,,00:35
2013030216,BOS,Brad,Marchand,1,14:23,15:38,6,,,517,6,#111111,0,8473419,Boston Bruins,3721807,BOS,,01:15
2013030216,BOS,Brad,Marchand,1,17:02,17:35,7,,,517,6,#111111,0,8473419,Boston Bruins,3721808,BOS,,00:33
2013030216,BOS,Brad,Marchand,2,00:00,00:36,8,,,517,6,#111111,0,8473419,Boston Bruins,3721809,BOS,,00:36
2013030216,BOS,Brad,Marchand,2,02:28,03:28,9,,,517,6,#111111,0,8473419,Boston Bruins,3721810,BOS,,01:00
2013030216,BOS,Brad,Marchand,2,06:29,06:49,10,,,517,6,#111111,0,8473419,Boston Bruins,3721811,BOS,,00:20
2013030216,BOS,Brad,Marchand,2,09:40,10:33,11,,,517,6,#111111,0,8473419,Boston Bruins,3721812,BOS,,00:53
2013030216,BOS,Brad,Marchand,2,13:14,14:12,12,,,517,6,#111111,0,8473419,Boston Bruins,3721813,BOS,,00:58
2013030216,BOS,Brad,Marchand,2,17:39,18:08,13,,,517,6,#111111,0,8473419,Boston Bruins,3721814,BOS,,00:29
2013030216,BOS,Brad,Marchand,2,19:44,20:00,14,,,517,6,#111111,0,8473419,Boston Bruins,3721815,BOS,,00:16
2013030216,BOS,Brad,Marchand,3,00:00,00:30,15,,,517,6,#111111,0,8473419,Boston Bruins,3721816,BOS,,00:30
2013030216,BOS,Brad,Marchand,3,02:45,03:36,16,,,517,6,#111111,0,8473419,Boston Bruins,3721817,BOS,,00:51
2013030216,BOS,Brad,Marchand,3,04:20,04:46,17,,,517,6,#111111,0,8473419,Boston Bruins,3721818,BOS,,00:26
2013030216,BOS,Brad,Marchand,3,05:25,06:16,18,,,517,6,#111111,0,8473419,Boston Bruins,3721819,BOS,,00:51
2013030216,BOS,Brad,Marchand,3,08:46,09:41,19,,,517,6,#111111,0,8473419,Boston Bruins,3721820,BOS,,00:55
2013030216,BOS,Brad,Marchand,3,11:38,12:46,20,,,517,6,#111111,0,8473419,Boston Bruins,3721821,BOS,,01:08
2013030216,BOS,Brad,Marchand,3,13:37,14:45,21,,,517,6,#111111,0,8473419,Boston Bruins,3721822,BOS,,01:08
2013030216,BOS,Brad,Marchand,3,15:42,16:04,22,,,517,6,#111111,0,8473419,Boston Bruins,3721823,BOS,,00:22
2013030216,BOS,Brad,Marchand,3,18:35,19:10,23,,,517,6,#111111,0,8473419,Boston Bruins,3721824,BOS,,00:35
2013030216,BOS,Milan,Lucic,1,00:43,01:32,1,,,517,6,#111111,0,8473473,Boston Bruins,3721825,BOS,,00:49
2013030216,BOS,Milan,Lucic,1,03:52,04:42,2,,,517,6,#111111,0,8473473,Boston Bruins,3721826,BOS,,00:50
2013030216,BOS,Milan,Lucic,1,06:29,07:10,3,,,517,6,#111111,0,8473473,Boston Bruins,3721827,BOS,,00:41
2013030216,BOS,Milan,Lucic,1,10:28,11:40,4,,,517,6,#111111,0,8473473,Boston Bruins,3721828,BOS,,01:12
2013030216,BOS,Milan,Lucic,1,12:59,14:23,5,,,517,6,#111111,0,8473473,Boston Bruins,3721829,BOS,,01:24
2013030216,BOS,Milan,Lucic,1,16:21,17:02,6,,,517,6,#111111,0,8473473,Boston Bruins,3721830,BOS,,00:41
2013030216,BOS,Milan,Lucic,1,19:05,20:00,7,,,517,6,#111111,0,8473473,Boston Bruins,3721831,BOS,,00:55
2013030216,BOS,Milan,Lucic,2,03:28,04:45,8,,,517,6,#111111,0,8473473,Boston Bruins,3721832,BOS,,01:17
2013030216,BOS,Milan,Lucic,2,05:45,06:29,9,,,517,6,#111111,0,8473473,Boston Bruins,3721833,BOS,,00:44
2013030216,BOS,Milan,Lucic,2,08:06,09:40,10,,,517,6,#111111,0,8473473,Boston Bruins,3721834,BOS,,01:34
2013030216,BOS,Milan,Lucic,2,12:24,13:14,11,,,517,6,#111111,0,8473473,Boston Bruins,3721835,BOS,,00:50
2013030216,BOS,Milan,Lucic,2,14:12,14:41,12,,,517,6,#111111,0,8473473,Boston Bruins,3721836,BOS,,00:29
2013030216,BOS,Milan,Lucic,2,15:24,16:32,13,,,517,6,#111111,0,8473473,Boston Bruins,3721837,BOS,,01:08
2013030216,BOS,Milan,Lucic,2,19:04,19:44,14,,,517,6,#111111,0,8473473,Boston Bruins,3721838,BOS,,00:40
2013030216,BOS,Milan,Lucic,3,00:30,01:08,15,,,517,6,#111111,0,8473473,Boston Bruins,3721839,BOS,,00:38
2013030216,BOS,Milan,Lucic,3,03:36,03:58,16,,,517,6,#111111,0,8473473,Boston Bruins,3721840,BOS,,00:22
2013030216,BOS,Milan,Lucic,3,05:58,07:22,17,,,517,6,#111111,0,8473473,Boston Bruins,3721841,BOS,,01:24
2013030216,BOS,Milan,Lucic,3,09:41,11:05,18,,,517,6,#111111,0,8473473,Boston Bruins,3721842,BOS,,01:24
2013030216,BOS,Milan,Lucic,3,12:46,12:52,19,,,517,6,#111111,0,8473473,Boston Bruins,3721843,BOS,,00:06
2013030216,BOS,Milan,Lucic,3,14:45,15:42,20,,,517,6,#111111,0,8473473,Boston Bruins,3721844,BOS,,00:57
2013030216,BOS,Milan,Lucic,3,16:50,17:36,21,,,517,6,#111111,0,8473473,Boston Bruins,3721845,BOS,,00:46
2013030216,BOS,Milan,Lucic,3,19:10,19:36,22,,,517,6,#111111,0,8473473,Boston Bruins,3721846,BOS,,00:26
2013030216,MTL,P.K.,Subban,1,00:00,00:35,1,,,517,8,#AF1E2D,0,8474056,Montréal Canadiens,3721847,MTL,,00:35
2013030216,MTL,P.K.,Subban,1,02:45,03:46,2,,,517,8,#AF1E2D,0,8474056,Montréal Canadiens,3721848,MTL,,01:01
2013030216,MTL,P.K.,Subban,1,04:56,05:42,3,,,517,8,#AF1E2D,0,8474056,Montréal Canadiens,3721849,MTL,,00:46
2013030216,MTL,P.K.,Subban,1,06:29,07:10,4,,,517,8,#AF1E2D,0,8474056,Montréal Canadiens,3721850,MTL,,00:41
2013030216,MTL,P.K.,Subban,1,08:47,09:39,5,,,517,8,#AF1E2D,0,8474056,Montréal Canadiens,3721851,MTL,,00:52
2013030216,MTL,P.K.,Subban,1,10:12,11:22,6,,,517,8,#AF1E2D,0,8474056,Montréal Canadiens,3721852,MTL,,01:10
2013030216,MTL,P.K.,Subban,1,12:58,13:24,7,,,517,8,#AF1E2D,0,8474056,Montréal Canadiens,3721853,MTL,,00:26
2013030216,MTL,P.K.,Subban,1,14:27,15:38,8,,,517,8,#AF1E2D,0,8474056,Montréal Canadiens,3721854,MTL,,01:11
2013030216,MTL,P.K.,Subban,1,17:38,17:45,9,,,517,8,#AF1E2D,0,8474056,Montréal Canadiens,3721855,MTL,,00:07
2013030216,MTL,P.K.,Subban,1,18:08,18:59,10,,,517,8,#AF1E2D,0,8474056,Montréal Canadiens,3721856,MTL,,00:51
2013030216,MTL,P.K.,Subban,2,00:00,02:10,11,,,517,8,#AF1E2D,0,8474056,Montréal Canadiens,3721857,MTL,,02:10
2013030216,MTL,P.K.,Subban,2,04:46,05:08,12,,,517,8,#AF1E2D,0,8474056,Montréal Canadiens,3721858,MTL,,00:22
2013030216,MTL,P.K.,Subban,2,07:08,08:42,13,,,517,8,#AF1E2D,0,8474056,Montréal Canadiens,3721859,MTL,,01:34
2013030216,MTL,P.K.,Subban,2,10:04,10:36,14,,,517,8,#AF1E2D,0,8474056,Montréal Canadiens,3721860,MTL,,00:32
2013030216,MTL,P.K.,Subban,2,12:24,13:14,15,,,517,8,#AF1E2D,0,8474056,Montréal Canadiens,3721861,MTL,,00:50
2013030216,MTL,P.K.,Subban,2,14:29,14:41,16,,,517,8,#AF1E2D,0,8474056,Montréal Canadiens,3721862,MTL,,00:12
2013030216,MTL,P.K.,Subban,2,15:24,16:09,17,,,517,8,#AF1E2D,0,8474056,Montréal Canadiens,3721863,MTL,,00:45
2013030216,MTL,P.K.,Subban,2,17:13,18:08,18,,,517,8,#AF1E2D,0,8474056,Montréal Canadiens,3721864,MTL,,00:55
2013030216,MTL,P.K.,Subban,2,19:06,19:44,19,,,517,8,#AF1E2D,0,8474056,Montréal Canadiens,3721865,MTL,,00:38
2013030216,MTL,P.K.,Subban,3,00:00,00:30,20,,,517,8,#AF1E2D,0,8474056,Montréal Canadiens,3721866,MTL,,00:30
2013030216,MTL,P.K.,Subban,3,01:34,02:24,21,,,517,8,#AF1E2D,0,8474056,Montréal Canadiens,3721867,MTL,,00:50
2013030216,MTL,P.K.,Subban,3,03:38,05:25,22,,,517,8,#AF1E2D,0,8474056,Montréal Canadiens,3721868,MTL,,01:47
2013030216,MTL,P.K.,Subban,3,07:38,08:22,23,,,517,8,#AF1E2D,0,8474056,Montréal Canadiens,3721869,MTL,,00:44
2013030216,MTL,P.K.,Subban,3,09:30,11:05,24,,,517,8,#AF1E2D,0,8474056,Montréal Canadiens,3721870,MTL,,01:35
2013030216,MTL,P.K.,Subban,3,12:10,12:52,25,,,517,8,#AF1E2D,0,8474056,Montréal Canadiens,3721871,MTL,,00:42
2013030216,MTL,P.K.,Subban,3,13:27,15:22,26,,,517,8,#AF1E2D,0,8474056,Montréal Canadiens,3721872,MTL,,01:55
2013030216,MTL,P.K.,Subban,3,16:50,17:36,27,,,517,8,#AF1E2D,0,8474056,Montréal Canadiens,3721873,MTL,,00:46
2013030216,MTL,Max,Pacioretty,1,00:41,01:31,1,,,517,8,#AF1E2D,0,8474157,Montréal Canadiens,3721874,MTL,,00:50
2013030216,MTL,Max,Pacioretty,1,03:46,03:59,2,,,517,8,#AF1E2D,0,8474157,Montréal Canadiens,3721875,MTL,,00:13
2013030216,MTL,Max,Pacioretty,1,04:35,05:34,3,,,517,8,#AF1E2D,0,8474157,Montréal Canadiens,3721876,MTL,,00:59
2013030216,MTL,Max,Pacioretty,1,06:29,07:10,4,,,517,8,#AF1E2D,0,8474157,Montréal Canadiens,3721877,MTL,,00:41
2013030216,MTL,Max,Pacioretty,1,08:47,09:48,5,,,517,8,#AF1E2D,0,8474157,Montréal Canadiens,3721878,MTL,,01:01
2013030216,MTL,Max,Pacioretty,1,11:54,12:15,6,,,517,8,#AF1E2D,0,8474157,Montréal Canadiens,3721879,MTL,,00:21
2013030216,MTL,Max,Pacioretty,1,12:58,13:34,7,,,517,8,#AF1E2D,0,8474157,Montréal Canadiens,3721880,MTL,,00:36
2013030216,MTL,Max,Pacioretty,1,15:38,16:12,8,,,517,8,#AF1E2D,0,8474157,Montréal Canadiens,3721881,MTL,,00:34
2013030216,MTL,Max,Pacioretty,1,17:45,18:08,9,,,517,8,#AF1E2D,0,8474157,Montréal Canadiens,3721882,MTL,,00:23
2013030216,MTL,Max,Pacioretty,2,15:24,15:24,0,EVG,"Nathan Beaulieu, Mike Weaver",505,8,#AF1E2D,803,8474157,Montréal Canadiens,5279119,MTL,465,
2013030216,MTL,Max,Pacioretty,2,00:00,01:08,10,,,517,8,#AF1E2D,0,8474157,Montréal Canadiens,3721883,MTL,,01:08
2013030216,MTL,Max,Pacioretty,2,05:45,06:29,11,,,517,8,#AF1E2D,0,8474157,Montréal Canadiens,3721884,MTL,,00:44
2013030216,MTL,Max,Pacioretty,2,08:42,09:40,12,,,517,8,#AF1E2D,0,8474157,Montréal Canadiens,3721885,MTL,,00:58
2013030216,MTL,Max,Pacioretty,2,12:00,12:24,13,,,517,8,#AF1E2D,0,8474157,Montréal Canadiens,3721886,MTL,,00:24
2013030216,MTL,Max,Pacioretty,2,14:41,15:24,14,,,517,8,#AF1E2D,0,8474157,Montréal Canadiens,3721887,MTL,,00:43
2013030216,MTL,Max,Pacioretty,2,17:13,17:39,15,,,517,8,#AF1E2D,0,8474157,Montréal Canadiens,3721888,MTL,,00:26
2013030216,MTL,Max,Pacioretty,2,19:06,19:44,16,,,517,8,#AF1E2D,0,8474157,Montréal Canadiens,3721889,MTL,,00:38
2013030216,MTL,Max,Pacioretty,3,00:43,01:08,17,,,517,8,#AF1E2D,0,8474157,Montréal Canadiens,3721890,MTL,,00:25
2013030216,MTL,Max,Pacioretty,3,03:32,04:47,18,,,517,8,#AF1E2D,0,8474157,Montréal Canadiens,3721891,MTL,,01:15
2013030216,MTL,Max,Pacioretty,3,07:52,08:46,19,,,517,8,#AF1E2D,0,8474157,Montréal Canadiens,3721892,MTL,,00:54
2013030216,MTL,Max,Pacioretty,3,09:40,11:05,20,,,517,8,#AF1E2D,0,8474157,Montréal Canadiens,3721893,MTL,,01:25
2013030216,MTL,Max,Pacioretty,3,12:21,12:52,21,,,517,8,#AF1E2D,0,8474157,Montréal Canadiens,3721894,MTL,,00:31
2013030216,MTL,Max,Pacioretty,3,18:38,19:10,22,,,517,8,#AF1E2D,0,8474157,Montréal Canadiens,3721895,MTL,,00:32
2013030216,MTL,Lars,Eller,1,02:11,02:11,0,EVG,,505,8,#AF1E2D,806,8474189,Montréal Canadiens,5279118,MTL,59,
2013030216,MTL,Lars,Eller,1,01:31,02:11,1,,,517,8,#AF1E2D,0,8474189,Montréal Canadiens,3721896,MTL,,00:40
2013030216,MTL,Lars,Eller,1,03:59,04:35,2,,,517,8,#AF1E2D,0,8474189,Montréal Canadiens,3721897,MTL,,00:36
2013030216,MTL,Lars,Eller,1,07:10,07:23,3,,,517,8,#AF1E2D,0,8474189,Montréal Canadiens,3721898,MTL,,00:13
2013030216,MTL,Lars,Eller,1,08:07,08:47,4,,,517,8,#AF1E2D,0,8474189,Montréal Canadiens,3721899,MTL,,00:40
2013030216,MTL,Lars,Eller,1,11:28,11:54,5,,,517,8,#AF1E2D,0,8474189,Montréal Canadiens,3721900,MTL,,00:26
2013030216,MTL,Lars,Eller,1,12:15,12:23,6,,,517,8,#AF1E2D,0,8474189,Montréal Canadiens,3721901,MTL,,00:08
2013030216,MTL,Lars,Eller,1,12:58,13:34,7,,,517,8,#AF1E2D,0,8474189,Montréal Canadiens,3721902,MTL,,00:36
2013030216,MTL,Lars,Eller,1,14:27,15:02,8,,,517,8,#AF1E2D,0,8474189,Montréal Canadiens,3721903,MTL,,00:35
2013030216,MTL,Lars,Eller,1,17:00,17:35,9,,,517,8,#AF1E2D,0,8474189,Montréal Canadiens,3721904,MTL,,00:35
2013030216,MTL,Lars,Eller,1,18:59,19:26,10,,,517,8,#AF1E2D,0,8474189,Montréal Canadiens,3721905,MTL,,00:27
2013030216,MTL,Lars,Eller,2,02:10,03:31,11,,,517,8,#AF1E2D,0,8474189,Montréal Canadiens,3721906,MTL,,01:21
2013030216,MTL,Lars,Eller,2,05:45,06:21,12,,,517,8,#AF1E2D,0,8474189,Montréal Canadiens,3721907,MTL,,00:36
2013030216,MTL,Lars,Eller,2,06:49,09:21,13,,,517,8,#AF1E2D,0,8474189,Montréal Canadiens,3721908,MTL,,02:32
2013030216,MTL,Lars,Eller,2,11:30,12:00,14,,,517,8,#AF1E2D,0,8474189,Montréal Canadiens,3721909,MTL,,00:30
2013030216,MTL,Lars,Eller,2,12:24,12:57,15,,,517,8,#AF1E2D,0,8474189,Montréal Canadiens,3721910,MTL,,00:33
2013030216,MTL,Lars,Eller,2,15:24,15:51,16,,,517,8,#AF1E2D,0,8474189,Montréal Canadiens,3721911,MTL,,00:27
2013030216,MTL,Lars,Eller,2,17:39,18:08,17,,,517,8,#AF1E2D,0,8474189,Montréal Canadiens,3721912,MTL,,00:29
2013030216,MTL,Lars,Eller,2,19:44,20:00,18,,,517,8,#AF1E2D,0,8474189,Montréal Canadiens,3721913,MTL,,00:16
2013030216,MTL,Lars,Eller,3,00:30,00:43,19,,,517,8,#AF1E2D,0,8474189,Montréal Canadiens,3721914,MTL,,00:13
2013030216,MTL,Lars,Eller,3,01:08,01:34,20,,,517,8,#AF1E2D,0,8474189,Montréal Canadiens,3721915,MTL,,00:26
2013030216,MTL,Lars,Eller,3,06:09,07:00,21,,,517,8,#AF1E2D,0,8474189,Montréal Canadiens,3721916,MTL,,00:51
2013030216,MTL,Lars,Eller,3,11:05,11:38,22,,,517,8,#AF1E2D,0,8474189,Montréal Canadiens,3721917,MTL,,00:33
2013030216,MTL,Lars,Eller,3,13:27,14:54,23,,,517,8,#AF1E2D,0,8474189,Montréal Canadiens,3721918,MTL,,01:27
2013030216,MTL,Lars,Eller,3,17:20,18:32,24,,,517,8,#AF1E2D,0,8474189,Montréal Canadiens,3721919,MTL,,01:12
2013030216,MTL,Dale,Weise,1,02:11,03:27,1,,,517,8,#AF1E2D,0,8474668,Montréal Canadiens,3721920,MTL,,01:16
2013030216,MTL,Dale,Weise,1,05:42,06:12,2,,,517,8,#AF1E2D,0,8474668,Montréal Canadiens,3721921,MTL,,00:30
2013030216,MTL,Dale,Weise,1,09:35,10:30,3,,,517,8,#AF1E2D,0,8474668,Montréal Canadiens,3721922,MTL,,00:55
2013030216,MTL,Dale,Weise,1,17:35,18:25,4,,,517,8,#AF1E2D,0,8474668,Montréal Canadiens,3721923,MTL,,00:50
2013030216,MTL,Dale,Weise,1,19:26,20:00,5,,,517,8,#AF1E2D,0,8474668,Montréal Canadiens,3721924,MTL,,00:34
2013030216,MTL,Dale,Weise,2,04:14,05:05,6,,,517,8,#AF1E2D,0,8474668,Montréal Canadiens,3721925,MTL,,00:51
2013030216,MTL,Dale,Weise,2,10:53,11:30,7,,,517,8,#AF1E2D,0,8474668,Montréal Canadiens,3721926,MTL,,00:37
2013030216,MTL,Dale,Weise,2,14:08,14:41,8,,,517,8,#AF1E2D,0,8474668,Montréal Canadiens,3721927,MTL,,00:33
2013030216,MTL,Dale,Weise,2,16:36,17:13,9,,,517,8,#AF1E2D,0,8474668,Montréal Canadiens,3721928,MTL,,00:37
2013030216,MTL,Dale,Weise,2,18:08,19:06,10,,,517,8,#AF1E2D,0,8474668,Montréal Canadiens,3721929,MTL,,00:58
2013030216,MTL,Dale,Weise,3,01:56,02:50,11,,,517,8,#AF1E2D,0,8474668,Montréal Canadiens,3721930,MTL,,00:54
2013030216,MTL,Dale,Weise,3,07:22,07:58,12,,,517,8,#AF1E2D,0,8474668,Montréal Canadiens,3721931,MTL,,00:36
2013030216,MTL,Dale,Weise,3,12:52,13:37,13,,,517,8,#AF1E2D,0,8474668,Montréal Canadiens,3721932,MTL,,00:45
2013030216,MTL,Dale,Weise,3,16:04,16:50,14,,,517,8,#AF1E2D,0,8474668,Montréal Canadiens,3721933,MTL,,00:46
2013030216,MTL,Dale,Weise,3,17:31,18:32,15,,,517,8,#AF1E2D,0,8474668,Montréal Canadiens,3721934,MTL,,01:01
2013030216,MTL,Dale,Weise,3,19:36,20:00,16,,,517,8,#AF1E2D,0,8474668,Montréal Canadiens,3721935,MTL,,00:24
2013030216,BOS,Matt,Bartkowski,1,00:05,00:43,1,,,517,6,#111111,0,8474749,Boston Bruins,3721936,BOS,,00:38
2013030216,BOS,Matt,Bartkowski,1,02:11,03:05,2,,,517,6,#111111,0,8474749,Boston Bruins,3721937,BOS,,00:54
2013030216,BOS,Matt,Bartkowski,1,06:22,06:29,3,,,517,6,#111111,0,8474749,Boston Bruins,3721938,BOS,,00:07
2013030216,BOS,Matt,Bartkowski,1,07:23,07:56,4,,,517,6,#111111,0,8474749,Boston Bruins,3721939,BOS,,00:33
2013030216,BOS,Matt,Bartkowski,1,09:34,10:28,5,,,517,6,#111111,0,8474749,Boston Bruins,3721940,BOS,,00:54
2013030216,BOS,Matt,Bartkowski,1,11:33,12:00,6,,,517,6,#111111,0,8474749,Boston Bruins,3721941,BOS,,00:27
2013030216,BOS,Matt,Bartkowski,1,14:23,15:38,7,,,517,6,#111111,0,8474749,Boston Bruins,3721942,BOS,,01:15
2013030216,BOS,Matt,Bartkowski,1,17:35,18:16,8,,,517,6,#111111,0,8474749,Boston Bruins,3721943,BOS,,00:41
2013030216,BOS,Matt,Bartkowski,2,00:50,02:28,9,,,517,6,#111111,0,8474749,Boston Bruins,3721944,BOS,,01:38
2013030216,BOS,Matt,Bartkowski,2,04:37,05:08,10,,,517,6,#111111,0,8474749,Boston Bruins,3721945,BOS,,00:31
2013030216,BOS,Matt,Bartkowski,2,07:17,08:46,11,,,517,6,#111111,0,8474749,Boston Bruins,3721946,BOS,,01:29
2013030216,BOS,Matt,Bartkowski,2,10:24,11:11,12,,,517,6,#111111,0,8474749,Boston Bruins,3721947,BOS,,00:47
2013030216,BOS,Matt,Bartkowski,2,13:11,14:12,13,,,517,6,#111111,0,8474749,Boston Bruins,3721948,BOS,,01:01
2013030216,BOS,Matt,Bartkowski,2,16:20,17:13,14,,,517,6,#111111,0,8474749,Boston Bruins,3721949,BOS,,00:53
2013030216,BOS,Matt,Bartkowski,2,18:08,19:16,15,,,517,6,#111111,0,8474749,Boston Bruins,3721950,BOS,,01:08
2013030216,BOS,Matt,Bartkowski,2,19:44,20:00,16,,,517,6,#111111,0,8474749,Boston Bruins,3721951,BOS,,00:16
2013030216,BOS,Matt,Bartkowski,3,00:00,00:30,17,,,517,6,#111111,0,8474749,Boston Bruins,3721952,BOS,,00:30
2013030216,BOS,Matt,Bartkowski,3,01:42,02:35,18,,,517,6,#111111,0,8474749,Boston Bruins,3721953,BOS,,00:53
2013030216,BOS,Matt,Bartkowski,3,05:04,05:40,19,,,517,6,#111111,0,8474749,Boston Bruins,3721954,BOS,,00:36
2013030216,BOS,Matt,Bartkowski,3,07:28,08:18,20,,,517,6,#111111,0,8474749,Boston Bruins,3721955,BOS,,00:50
2013030216,BOS,Matt,Bartkowski,3,08:35,08:46,21,,,517,6,#111111,0,8474749,Boston Bruins,3721956,BOS,,00:11
2013030216,BOS,Matt,Bartkowski,3,11:38,12:25,22,,,517,6,#111111,0,8474749,Boston Bruins,3721957,BOS,,00:47
2013030216,BOS,Matt,Bartkowski,3,15:53,16:38,23,,,517,6,#111111,0,8474749,Boston Bruins,3721958,BOS,,00:45
2013030216,BOS,Matt,Bartkowski,3,16:50,17:27,24,,,517,6,#111111,0,8474749,Boston Bruins,3721959,BOS,,00:37
2013030216,BOS,Matt,Bartkowski,3,18:47,19:10,25,,,517,6,#111111,0,8474749,Boston Bruins,3721960,BOS,,00:23
2013030216,BOS,Reilly,Smith,1,00:00,00:43,1,,,517,6,#111111,0,8475191,Boston Bruins,3721961,BOS,,00:43
2013030216,BOS,Reilly,Smith,1,03:05,03:46,2,,,517,6,#111111,0,8475191,Boston Bruins,3721962,BOS,,00:41
2013030216,BOS,Reilly,Smith,1,06:12,06:29,3,,,517,6,#111111,0,8475191,Boston Bruins,3721963,BOS,,00:17
2013030216,BOS,Reilly,Smith,1,07:10,08:07,4,,,517,6,#111111,0,8475191,Boston Bruins,3721964,BOS,,00:57
2013030216,BOS,Reilly,Smith,1,11:33,12:15,5,,,517,6,#111111,0,8475191,Boston Bruins,3721965,BOS,,00:42
2013030216,BOS,Reilly,Smith,1,12:23,12:59,6,,,517,6,#111111,0,8475191,Boston Bruins,3721966,BOS,,00:36
2013030216,BOS,Reilly,Smith,1,15:02,15:38,7,,,517,6,#111111,0,8475191,Boston Bruins,3721967,BOS,,00:36
2013030216,BOS,Reilly,Smith,1,17:35,18:29,8,,,517,6,#111111,0,8475191,Boston Bruins,3721968,BOS,,00:54
2013030216,BOS,Reilly,Smith,2,02:28,03:18,9,,,517,6,#111111,0,8475191,Boston Bruins,3721969,BOS,,00:50
2013030216,BOS,Reilly,Smith,2,05:08,05:45,10,,,517,6,#111111,0,8475191,Boston Bruins,3721970,BOS,,00:37
2013030216,BOS,Reilly,Smith,2,06:29,06:49,11,,,517,6,#111111,0,8475191,Boston Bruins,3721971,BOS,,00:20
2013030216,BOS,Reilly,Smith,2,09:40,10:33,12,,,517,6,#111111,0,8475191,Boston Bruins,3721972,BOS,,00:53
2013030216,BOS,Reilly,Smith,2,13:14,14:12,13,,,517,6,#111111,0,8475191,Boston Bruins,3721973,BOS,,00:58
2013030216,BOS,Reilly,Smith,2,17:39,18:08,14,,,517,6,#111111,0,8475191,Boston Bruins,3721974,BOS,,00:29
2013030216,BOS,Reilly,Smith,2,19:44,20:00,15,,,517,6,#111111,0,8475191,Boston Bruins,3721975,BOS,,00:16
2013030216,BOS,Reilly,Smith,3,00:00,00:30,16,,,517,6,#111111,0,8475191,Boston Bruins,3721976,BOS,,00:30
2013030216,BOS,Reilly,Smith,3,02:45,03:51,17,,,517,6,#111111,0,8475191,Boston Bruins,3721977,BOS,,01:06
2013030216,BOS,Reilly,Smith,3,08:46,09:41,18,,,517,6,#111111,0,8475191,Boston Bruins,3721978,BOS,,00:55
2013030216,BOS,Reilly,Smith,3,11:55,12:48,19,,,517,6,#111111,0,8475191,Boston Bruins,3721979,BOS,,00:53
2013030216,BOS,Reilly,Smith,3,13:37,14:45,20,,,517,6,#111111,0,8475191,Boston Bruins,3721980,BOS,,01:08
2013030216,BOS,Reilly,Smith,3,18:35,19:10,21,,,517,6,#111111,0,8475191,Boston Bruins,3721981,BOS,,00:35
2013030216,BOS,Matt,Fraser,1,01:32,02:11,1,,,517,6,#111111,0,8475671,Boston Bruins,3721982,BOS,,00:39
2013030216,BOS,Matt,Fraser,1,04:42,06:08,2,,,517,6,#111111,0,8475671,Boston Bruins,3721983,BOS,,01:26
2013030216,BOS,Matt,Fraser,1,08:31,09:34,3,,,517,6,#111111,0,8475671,Boston Bruins,3721984,BOS,,01:03
2013030216,BOS,Matt,Fraser,1,12:15,12:23,4,,,517,6,#111111,0,8475671,Boston Bruins,3721985,BOS,,00:08
2013030216,BOS,Matt,Fraser,1,18:37,19:05,5,,,517,6,#111111,0,8475671,Boston Bruins,3721986,BOS,,00:28
2013030216,BOS,Matt,Fraser,2,04:45,05:08,6,,,517,6,#111111,0,8475671,Boston Bruins,3721987,BOS,,00:23
2013030216,BOS,Matt,Fraser,2,06:49,08:06,7,,,517,6,#111111,0,8475671,Boston Bruins,3721988,BOS,,01:17
2013030216,BOS,Matt,Fraser,2,11:42,12:24,8,,,517,6,#111111,0,8475671,Boston Bruins,3721989,BOS,,00:42
2013030216,BOS,Matt,Fraser,2,18:08,19:04,9,,,517,6,#111111,0,8475671,Boston Bruins,3721990,BOS,,00:56
2013030216,BOS,Matt,Fraser,3,01:08,01:56,10,,,517,6,#111111,0,8475671,Boston Bruins,3721991,BOS,,00:48
2013030216,BOS,Matt,Fraser,3,07:22,08:18,11,,,517,6,#111111,0,8475671,Boston Bruins,3721992,BOS,,00:56
2013030216,BOS,Matt,Fraser,3,11:05,11:38,12,,,517,6,#111111,0,8475671,Boston Bruins,3721993,BOS,,00:33
2013030216,BOS,Matt,Fraser,3,12:52,13:37,13,,,517,6,#111111,0,8475671,Boston Bruins,3721994,BOS,,00:45
2013030216,BOS,Matt,Fraser,3,17:36,18:35,14,,,517,6,#111111,0,8475671,Boston Bruins,3721995,BOS,,00:59
2013030216,MTL,Michael,Bournival,1,00:00,00:41,1,,,517,8,#AF1E2D,0,8475739,Montréal Canadiens,3721996,MTL,,00:41
2013030216,MTL,Michael,Bournival,1,03:15,03:46,2,,,517,8,#AF1E2D,0,8475739,Montréal Canadiens,3721997,MTL,,00:31
2013030216,MTL,Michael,Bournival,1,06:09,06:29,3,,,517,8,#AF1E2D,0,8475739,Montréal Canadiens,3721998,MTL,,00:20
2013030216,MTL,Michael,Bournival,1,07:23,08:19,4,,,517,8,#AF1E2D,0,8475739,Montréal Canadiens,3721999,MTL,,00:56
2013030216,MTL,Michael,Bournival,1,10:43,11:32,5,,,517,8,#AF1E2D,0,8475739,Montréal Canadiens,3722000,MTL,,00:49
2013030216,MTL,Michael,Bournival,1,15:02,15:38,6,,,517,8,#AF1E2D,0,8475739,Montréal Canadiens,3722001,MTL,,00:36
2013030216,MTL,Michael,Bournival,1,18:08,18:59,7,,,517,8,#AF1E2D,0,8475739,Montréal Canadiens,3722002,MTL,,00:51
2013030216,MTL,Michael,Bournival,2,03:16,04:23,8,,,517,8,#AF1E2D,0,8475739,Montréal Canadiens,3722003,MTL,,01:07
2013030216,MTL,Michael,Bournival,2,09:40,10:47,9,,,517,8,#AF1E2D,0,8475739,Montréal Canadiens,3722004,MTL,,01:07
2013030216,MTL,Michael,Bournival,2,13:07,13:58,10,,,517,8,#AF1E2D,0,8475739,Montréal Canadiens,3722005,MTL,,00:51
2013030216,MTL,Michael,Bournival,2,16:19,16:36,11,,,517,8,#AF1E2D,0,8475739,Montréal Canadiens,3722006,MTL,,00:17
2013030216,MTL,Michael,Bournival,2,18:08,19:06,12,,,517,8,#AF1E2D,0,8475739,Montréal Canadiens,3722007,MTL,,00:58
2013030216,MTL,Michael,Bournival,3,00:00,00:30,13,,,517,8,#AF1E2D,0,8475739,Montréal Canadiens,3722008,MTL,,00:30
2013030216,MTL,Michael,Bournival,3,02:46,03:32,14,,,517,8,#AF1E2D,0,8475739,Montréal Canadiens,3722009,MTL,,00:46
2013030216,MTL,Michael,Bournival,3,08:46,09:40,15,,,517,8,#AF1E2D,0,8475739,Montréal Canadiens,3722010,MTL,,00:54
2013030216,MTL,Michael,Bournival,3,11:38,12:21,16,,,517,8,#AF1E2D,0,8475739,Montréal Canadiens,3722011,MTL,,00:43
2013030216,MTL,Michael,Bournival,3,15:22,16:04,17,,,517,8,#AF1E2D,0,8475739,Montréal Canadiens,3722012,MTL,,00:42
2013030216,MTL,Michael,Bournival,3,16:50,17:36,18,,,517,8,#AF1E2D,0,8475739,Montréal Canadiens,3722013,MTL,,00:46
2013030216,MTL,Brendan,Gallagher,1,00:41,01:31,1,,,517,8,#AF1E2D,0,8475848,Montréal Canadiens,3722014,MTL,,00:50
2013030216,MTL,Brendan,Gallagher,1,03:46,03:59,2,,,517,8,#AF1E2D,0,8475848,Montréal Canadiens,3722015,MTL,,00:13
2013030216,MTL,Brendan,Gallagher,1,04:43,05:42,3,,,517,8,#AF1E2D,0,8475848,Montréal Canadiens,3722016,MTL,,00:59
2013030216,MTL,Brendan,Gallagher,1,06:29,07:10,4,,,517,8,#AF1E2D,0,8475848,Montréal Canadiens,3722017,MTL,,00:41
2013030216,MTL,Brendan,Gallagher,1,08:47,09:35,5,,,517,8,#AF1E2D,0,8475848,Montréal Canadiens,3722018,MTL,,00:48
2013030216,MTL,Brendan,Gallagher,1,11:54,12:15,6,,,517,8,#AF1E2D,0,8475848,Montréal Canadiens,3722019,MTL,,00:21
2013030216,MTL,Brendan,Gallagher,1,17:06,17:35,7,,,517,8,#AF1E2D,0,8475848,Montréal Canadiens,3722020,MTL,,00:29
2013030216,MTL,Brendan,Gallagher,2,00:50,02:10,8,,,517,8,#AF1E2D,0,8475848,Montréal Canadiens,3722021,MTL,,01:20
2013030216,MTL,Brendan,Gallagher,2,05:05,05:08,9,,,517,8,#AF1E2D,0,8475848,Montréal Canadiens,3722022,MTL,,00:03
2013030216,MTL,Brendan,Gallagher,2,09:21,10:04,10,,,517,8,#AF1E2D,0,8475848,Montréal Canadiens,3722023,MTL,,00:43
2013030216,MTL,Brendan,Gallagher,2,12:00,12:24,11,,,517,8,#AF1E2D,0,8475848,Montréal Canadiens,3722024,MTL,,00:24
2013030216,MTL,Brendan,Gallagher,2,14:41,15:24,12,,,517,8,#AF1E2D,0,8475848,Montréal Canadiens,3722025,MTL,,00:43
2013030216,MTL,Brendan,Gallagher,2,19:06,19:44,13,,,517,8,#AF1E2D,0,8475848,Montréal Canadiens,3722026,MTL,,00:38
2013030216,MTL,Brendan,Gallagher,3,00:43,01:08,14,,,517,8,#AF1E2D,0,8475848,Montréal Canadiens,3722027,MTL,,00:25
2013030216,MTL,Brendan,Gallagher,3,03:45,03:58,15,,,517,8,#AF1E2D,0,8475848,Montréal Canadiens,3722028,MTL,,00:13
2013030216,MTL,Brendan,Gallagher,3,04:54,06:03,16,,,517,8,#AF1E2D,0,8475848,Montréal Canadiens,3722029,MTL,,01:09
2013030216,MTL,Brendan,Gallagher,3,07:58,08:43,17,,,517,8,#AF1E2D,0,8475848,Montréal Canadiens,3722030,MTL,,00:45
2013030216,MTL,Brendan,Gallagher,3,09:40,11:05,18,,,517,8,#AF1E2D,0,8475848,Montréal Canadiens,3722031,MTL,,01:25
2013030216,MTL,Brendan,Gallagher,3,12:37,12:52,19,,,517,8,#AF1E2D,0,8475848,Montréal Canadiens,3722032,MTL,,00:15
2013030216,MTL,Brendan,Gallagher,3,18:32,19:10,20,,,517,8,#AF1E2D,0,8475848,Montréal Canadiens,3722033,MTL,,00:38
2013030216,BOS,Kevan,Miller,1,01:32,02:11,1,,,517,6,#111111,0,8476191,Boston Bruins,3722034,BOS,,00:39
2013030216,BOS,Kevan,Miller,1,06:08,06:12,2,,,517,6,#111111,0,8476191,Boston Bruins,3722035,BOS,,00:04
2013030216,BOS,Kevan,Miller,1,06:29,07:10,3,,,517,6,#111111,0,8476191,Boston Bruins,3722036,BOS,,00:41
2013030216,BOS,Kevan,Miller,1,07:23,07:56,4,,,517,6,#111111,0,8476191,Boston Bruins,3722037,BOS,,00:33
2013030216,BOS,Kevan,Miller,1,09:34,10:41,5,,,517,6,#111111,0,8476191,Boston Bruins,3722038,BOS,,01:07
2013030216,BOS,Kevan,Miller,1,11:33,12:00,6,,,517,6,#111111,0,8476191,Boston Bruins,3722039,BOS,,00:27
2013030216,BOS,Kevan,Miller,1,15:02,15:38,7,,,517,6,#111111,0,8476191,Boston Bruins,3722040,BOS,,00:36
2013030216,BOS,Kevan,Miller,1,17:35,18:16,8,,,517,6,#111111,0,8476191,Boston Bruins,3722041,BOS,,00:41
2013030216,BOS,Kevan,Miller,2,01:11,02:28,9,,,517,6,#111111,0,8476191,Boston Bruins,3722042,BOS,,01:17
2013030216,BOS,Kevan,Miller,2,07:30,08:38,10,,,517,6,#111111,0,8476191,Boston Bruins,3722043,BOS,,01:08
2013030216,BOS,Kevan,Miller,2,09:40,10:24,11,,,517,6,#111111,0,8476191,Boston Bruins,3722044,BOS,,00:44
2013030216,BOS,Kevan,Miller,2,11:42,12:24,12,,,517,6,#111111,0,8476191,Boston Bruins,3722045,BOS,,00:42
2013030216,BOS,Kevan,Miller,2,14:12,14:41,13,,,517,6,#111111,0,8476191,Boston Bruins,3722046,BOS,,00:29
2013030216,BOS,Kevan,Miller,2,15:24,16:20,14,,,517,6,#111111,0,8476191,Boston Bruins,3722047,BOS,,00:56
2013030216,BOS,Kevan,Miller,2,17:13,17:39,15,,,517,6,#111111,0,8476191,Boston Bruins,3722048,BOS,,00:26
2013030216,BOS,Kevan,Miller,3,00:30,01:06,16,,,517,6,#111111,0,8476191,Boston Bruins,3722049,BOS,,00:36
2013030216,BOS,Kevan,Miller,3,02:35,03:51,17,,,517,6,#111111,0,8476191,Boston Bruins,3722050,BOS,,01:16
2013030216,BOS,Kevan,Miller,3,04:46,05:40,18,,,517,6,#111111,0,8476191,Boston Bruins,3722051,BOS,,00:54
2013030216,BOS,Kevan,Miller,3,07:28,07:54,19,,,517,6,#111111,0,8476191,Boston Bruins,3722052,BOS,,00:26
2013030216,BOS,Kevan,Miller,3,08:35,08:46,20,,,517,6,#111111,0,8476191,Boston Bruins,3722053,BOS,,00:11
2013030216,BOS,Kevan,Miller,3,11:38,12:25,21,,,517,6,#111111,0,8476191,Boston Bruins,3722054,BOS,,00:47
2013030216,BOS,Kevan,Miller,3,16:04,17:22,22,,,517,6,#111111,0,8476191,Boston Bruins,3722055,BOS,,01:18
2013030216,BOS,Kevan,Miller,3,18:47,19:10,23,,,517,6,#111111,0,8476191,Boston Bruins,3722056,BOS,,00:23
2013030216,BOS,Kevan,Miller,3,19:36,20:00,24,,,517,6,#111111,0,8476191,Boston Bruins,3722057,BOS,,00:24
2013030216,BOS,Dougie,Hamilton,1,00:43,01:32,1,,,517,6,#111111,0,8476462,Boston Bruins,3722058,BOS,,00:49
2013030216,BOS,Dougie,Hamilton,1,03:05,03:55,2,,,517,6,#111111,0,8476462,Boston Bruins,3722059,BOS,,00:50
2013030216,BOS,Dougie,Hamilton,1,04:49,06:08,3,,,517,6,#111111,0,8476462,Boston Bruins,3722060,BOS,,01:19
2013030216,BOS,Dougie,Hamilton,1,07:10,07:23,4,,,517,6,#111111,0,8476462,Boston Bruins,3722061,BOS,,00:13
2013030216,BOS,Dougie,Hamilton,1,08:44,09:34,5,,,517,6,#111111,0,8476462,Boston Bruins,3722062,BOS,,00:50
2013030216,BOS,Dougie,Hamilton,1,12:00,13:11,6,,,517,6,#111111,0,8476462,Boston Bruins,3722063,BOS,,01:11
2013030216,BOS,Dougie,Hamilton,1,15:38,16:21,7,,,517,6,#111111,0,8476462,Boston Bruins,3722064,BOS,,00:43
2013030216,BOS,Dougie,Hamilton,1,17:02,17:35,8,,,517,6,#111111,0,8476462,Boston Bruins,3722065,BOS,,00:33
2013030216,BOS,Dougie,Hamilton,1,19:05,20:00,9,,,517,6,#111111,0,8476462,Boston Bruins,3722066,BOS,,00:55
2013030216,BOS,Dougie,Hamilton,2,02:00,02:28,10,,,517,6,#111111,0,8476462,Boston Bruins,3722067,BOS,,00:28
2013030216,BOS,Dougie,Hamilton,2,03:18,04:37,11,,,517,6,#111111,0,8476462,Boston Bruins,3722068,BOS,,01:19
2013030216,BOS,Dougie,Hamilton,2,05:08,05:45,12,,,517,6,#111111,0,8476462,Boston Bruins,3722069,BOS,,00:37
2013030216,BOS,Dougie,Hamilton,2,06:29,07:17,13,,,517,6,#111111,0,8476462,Boston Bruins,3722070,BOS,,00:48
2013030216,BOS,Dougie,Hamilton,2,11:11,11:42,14,,,517,6,#111111,0,8476462,Boston Bruins,3722071,BOS,,00:31
2013030216,BOS,Dougie,Hamilton,2,12:24,13:11,15,,,517,6,#111111,0,8476462,Boston Bruins,3722072,BOS,,00:47
2013030216,BOS,Dougie,Hamilton,2,14:41,15:24,16,,,517,6,#111111,0,8476462,Boston Bruins,3722073,BOS,,00:43
2013030216,BOS,Dougie,Hamilton,2,18:08,19:16,17,,,517,6,#111111,0,8476462,Boston Bruins,3722074,BOS,,01:08
2013030216,BOS,Dougie,Hamilton,3,01:06,01:56,18,,,517,6,#111111,0,8476462,Boston Bruins,3722075,BOS,,00:50
2013030216,BOS,Dougie,Hamilton,3,03:36,03:58,19,,,517,6,#111111,0,8476462,Boston Bruins,3722076,BOS,,00:22
2013030216,BOS,Dougie,Hamilton,3,06:23,07:28,20,,,517,6,#111111,0,8476462,Boston Bruins,3722077,BOS,,01:05
2013030216,BOS,Dougie,Hamilton,3,09:41,11:05,21,,,517,6,#111111,0,8476462,Boston Bruins,3722078,BOS,,01:24
2013030216,BOS,Dougie,Hamilton,3,12:25,13:37,22,,,517,6,#111111,0,8476462,Boston Bruins,3722079,BOS,,01:12
2013030216,BOS,Dougie,Hamilton,3,14:45,15:53,23,,,517,6,#111111,0,8476462,Boston Bruins,3722080,BOS,,01:08
2013030216,MTL,Nathan,Beaulieu,1,01:46,02:11,1,,,517,8,#AF1E2D,0,8476470,Montréal Canadiens,3722081,MTL,,00:25
2013030216,MTL,Nathan,Beaulieu,1,04:35,05:09,2,,,517,8,#AF1E2D,0,8476470,Montréal Canadiens,3722082,MTL,,00:34
2013030216,MTL,Nathan,Beaulieu,1,08:07,08:47,3,,,517,8,#AF1E2D,0,8476470,Montréal Canadiens,3722083,MTL,,00:40
2013030216,MTL,Nathan,Beaulieu,1,12:15,12:23,4,,,517,8,#AF1E2D,0,8476470,Montréal Canadiens,3722084,MTL,,00:08
2013030216,MTL,Nathan,Beaulieu,1,17:15,17:35,5,,,517,8,#AF1E2D,0,8476470,Montréal Canadiens,3722085,MTL,,00:20
2013030216,MTL,Nathan,Beaulieu,2,01:08,02:10,6,,,517,8,#AF1E2D,0,8476470,Montréal Canadiens,3722086,MTL,,01:02
2013030216,MTL,Nathan,Beaulieu,2,04:17,04:57,7,,,517,8,#AF1E2D,0,8476470,Montréal Canadiens,3722087,MTL,,00:40
2013030216,MTL,Nathan,Beaulieu,2,10:36,11:30,8,,,517,8,#AF1E2D,0,8476470,Montréal Canadiens,3722088,MTL,,00:54
2013030216,MTL,Nathan,Beaulieu,2,14:41,15:24,9,,,517,8,#AF1E2D,0,8476470,Montréal Canadiens,3722089,MTL,,00:43
2013030216,MTL,Nathan,Beaulieu,3,01:08,01:53,10,,,517,8,#AF1E2D,0,8476470,Montréal Canadiens,3722090,MTL,,00:45
2013030216,MTL,Nathan,Beaulieu,3,05:06,07:00,11,,,517,8,#AF1E2D,0,8476470,Montréal Canadiens,3722091,MTL,,01:54
2013030216,MTL,Nathan,Beaulieu,3,08:22,08:46,12,,,517,8,#AF1E2D,0,8476470,Montréal Canadiens,3722092,MTL,,00:24
2013030216,MTL,Nathan,Beaulieu,3,11:38,11:59,13,,,517,8,#AF1E2D,0,8476470,Montréal Canadiens,3722093,MTL,,00:21
2013030216,MTL,Nathan,Beaulieu,3,16:04,16:50,14,,,517,8,#AF1E2D,0,8476470,Montréal Canadiens,3722094,MTL,,00:46
2013030216,BOS,Torey,Krug,1,01:32,02:11,1,,,517,6,#111111,0,8476792,Boston Bruins,3722095,BOS,,00:39
2013030216,BOS,Torey,Krug,1,03:55,04:42,2,,,517,6,#111111,0,8476792,Boston Bruins,3722096,BOS,,00:47
2013030216,BOS,Torey,Krug,1,06:08,06:12,3,,,517,6,#111111,0,8476792,Boston Bruins,3722097,BOS,,00:04
2013030216,BOS,Torey,Krug,1,06:29,07:10,4,,,517,6,#111111,0,8476792,Boston Bruins,3722098,BOS,,00:41
2013030216,BOS,Torey,Krug,1,07:56,08:44,5,,,517,6,#111111,0,8476792,Boston Bruins,3722099,BOS,,00:48
2013030216,BOS,Torey,Krug,1,10:28,11:33,6,,,517,6,#111111,0,8476792,Boston Bruins,3722100,BOS,,01:05
2013030216,BOS,Torey,Krug,1,13:11,14:23,7,,,517,6,#111111,0,8476792,Boston Bruins,3722101,BOS,,01:12
2013030216,BOS,Torey,Krug,1,16:20,17:02,8,,,517,6,#111111,0,8476792,Boston Bruins,3722102,BOS,,00:42
2013030216,BOS,Torey,Krug,1,18:16,19:02,9,,,517,6,#111111,0,8476792,Boston Bruins,3722103,BOS,,00:46
2013030216,BOS,Torey,Krug,2,02:28,03:18,10,,,517,6,#111111,0,8476792,Boston Bruins,3722104,BOS,,00:50
2013030216,BOS,Torey,Krug,2,05:45,07:30,11,,,517,6,#111111,0,8476792,Boston Bruins,3722105,BOS,,01:45
2013030216,BOS,Torey,Krug,2,09:40,10:29,12,,,517,6,#111111,0,8476792,Boston Bruins,3722106,BOS,,00:49
2013030216,BOS,Torey,Krug,2,11:42,12:24,13,,,517,6,#111111,0,8476792,Boston Bruins,3722107,BOS,,00:42
2013030216,BOS,Torey,Krug,2,14:12,14:41,14,,,517,6,#111111,0,8476792,Boston Bruins,3722108,BOS,,00:29
2013030216,BOS,Torey,Krug,2,15:24,16:36,15,,,517,6,#111111,0,8476792,Boston Bruins,3722109,BOS,,01:12
2013030216,BOS,Torey,Krug,2,17:39,18:08,16,,,517,6,#111111,0,8476792,Boston Bruins,3722110,BOS,,00:29
2013030216,BOS,Torey,Krug,2,19:16,19:44,17,,,517,6,#111111,0,8476792,Boston Bruins,3722111,BOS,,00:28
2013030216,BOS,Torey,Krug,3,00:30,01:06,18,,,517,6,#111111,0,8476792,Boston Bruins,3722112,BOS,,00:36
2013030216,BOS,Torey,Krug,3,02:35,03:36,19,,,517,6,#111111,0,8476792,Boston Bruins,3722113,BOS,,01:01
2013030216,BOS,Torey,Krug,3,05:40,06:23,20,,,517,6,#111111,0,8476792,Boston Bruins,3722114,BOS,,00:43
2013030216,BOS,Torey,Krug,3,08:18,08:35,21,,,517,6,#111111,0,8476792,Boston Bruins,3722115,BOS,,00:17
2013030216,BOS,Torey,Krug,3,08:46,09:41,22,,,517,6,#111111,0,8476792,Boston Bruins,3722116,BOS,,00:55
2013030216,BOS,Torey,Krug,3,11:05,11:38,23,,,517,6,#111111,0,8476792,Boston Bruins,3722117,BOS,,00:33
2013030216,BOS,Torey,Krug,3,13:37,14:45,24,,,517,6,#111111,0,8476792,Boston Bruins,3722118,BOS,,01:08
2013030216,BOS,Torey,Krug,3,15:28,16:04,25,,,517,6,#111111,0,8476792,Boston Bruins,3722119,BOS,,00:36
2013030216,BOS,Torey,Krug,3,16:38,16:50,26,,,517,6,#111111,0,8476792,Boston Bruins,3722120,BOS,,00:12
2013030216,BOS,Torey,Krug,3,17:27,18:47,27,,,517,6,#111111,0,8476792,Boston Bruins,3722121,BOS,,01:20
2013030216,BOS,Torey,Krug,3,19:10,19:36,28,,,517,6,#111111,0,8476792,Boston Bruins,3722122,BOS,,00:26
