gameId,teamAbbrev,firstName,lastName,period,startTime,endTime,shiftNumber,eventDescription,eventDetails,typeCode,teamId,hexValue,detailCode,playerId,teamName,id,teamAbbrev,eventNumber,duration
2015020679,COL,Jarome,Iginla,1,01:27,02:04,1,,,517,21,#75263D,0,8462042,Colorado Avalanche,5645508,COL,154,00:37
2015020679,COL,Jarome,Iginla,1,03:20,04:55,2,,,517,21,#75263D,0,8462042,Colorado Avalanche,5645509,COL,159,01:35
2015020679,COL,Jarome,Iginla,1,08:33,09:32,3,,,517,21,#75263D,0,8462042,Colorado Avalanche,5645510,COL,171,00:59
2015020679,COL,Jarome,Iginla,1,11:39,12:42,4,,,517,21,#75263D,0,8462042,Colorado Avalanche,5645511,COL,179,01:03
2015020679,COL,Jarome,Iginla,1,15:38,16:57,5,,,517,21,#75263D,0,8462042,Colorado Avalanche,5645512,COL,188,01:19
2015020679,COL,Jarome,Iginla,2,19:42,19:42,0,PPG,"Carl Soderberg, Alex Tanguay",505,21,#6F263D,803,8462042,Colorado Avalanche,5646275,COL,413,
2015020679,COL,Jarome,Iginla,2,01:16,01:20,6,,,517,21,#75263D,0,8462042,Colorado Avalanche,5645513,COL,305,00:04
2015020679,COL,Jarome,Iginla,2,02:53,03:44,7,,,517,21,#75263D,0,8462042,Colorado Avalanche,5645514,COL,310,00:51
2015020679,COL,Jarome,Iginla,2,05:39,06:34,8,,,517,21,#75263D,0,8462042,Colorado Avalanche,5645515,COL,316,00:55
2015020679,COL,Jarome,Iginla,2,09:43,10:21,9,,,517,21,#75263D,0,8462042,Colorado Avalanche,5645516,COL,324,00:38
2015020679,COL,Jarome,Iginla,2,13:37,14:48,10,,,517,21,#75263D,0,8462042,Colorado Avalanche,5645517,COL,332,01:11
2015020679,COL,Jarome,Iginla,2,17:30,18:18,11,,,517,21,#75263D,0,8462042,Colorado Avalanche,5645518,COL,341,00:48
2015020679,COL,Jarome,Iginla,2,19:30,19:42,12,,,517,21,#75263D,0,8462042,Colorado Avalanche,5645519,COL,344,00:12
2015020679,COL,Jarome,Iginla,3,01:05,01:38,13,,,517,21,#75263D,0,8462042,Colorado Avalanche,5645520,COL,348,00:33
2015020679,COL,Jarome,Iginla,3,04:31,05:18,14,,,517,21,#75263D,0,8462042,Colorado Avalanche,5646682,COL,506,00:47
2015020679,COL,Jarome,Iginla,3,09:25,09:34,15,,,517,21,#75263D,0,8462042,Colorado Avalanche,5646683,COL,519,00:09
2015020679,COL,Jarome,Iginla,3,10:32,10:41,16,,,517,21,#75263D,0,8462042,Colorado Avalanche,5646684,COL,523,00:09
2015020679,COL,Jarome,Iginla,3,15:00,15:21,17,,,517,21,#75263D,0,8462042,Colorado Avalanche,5646685,COL,533,00:21
2015020679,COL,Alex,Tanguay,1,00:00,00:33,1,,,517,21,#75263D,0,8467338,Colorado Avalanche,5645521,COL,4,00:33
2015020679,COL,Alex,Tanguay,1,02:28,03:20,2,,,517,21,#75263D,0,8467338,Colorado Avalanche,5645522,COL,158,00:52
2015020679,COL,Alex,Tanguay,1,07:51,08:27,3,,,517,21,#75263D,0,8467338,Colorado Avalanche,5645523,COL,169,00:36
2015020679,COL,Alex,Tanguay,1,11:03,12:42,4,,,517,21,#75263D,0,8467338,Colorado Avalanche,5645524,COL,177,01:39
2015020679,COL,Alex,Tanguay,1,14:46,15:38,5,,,517,21,#75263D,0,8467338,Colorado Avalanche,5645525,COL,184,00:52
2015020679,COL,Alex,Tanguay,1,18:50,19:40,6,,,517,21,#75263D,0,8467338,Colorado Avalanche,5645526,COL,196,00:50
2015020679,COL,Alex,Tanguay,2,00:00,00:46,7,,,517,21,#75263D,0,8467338,Colorado Avalanche,5645527,COL,301,00:46
2015020679,COL,Alex,Tanguay,2,03:44,04:49,8,,,517,21,#75263D,0,8467338,Colorado Avalanche,5645528,COL,311,01:05
2015020679,COL,Alex,Tanguay,2,07:13,08:34,9,,,517,21,#75263D,0,8467338,Colorado Avalanche,5645529,COL,321,01:21
2015020679,COL,Alex,Tanguay,2,11:34,12:39,10,,,517,21,#75263D,0,8467338,Colorado Avalanche,5645530,COL,328,01:05
2015020679,COL,Alex,Tanguay,2,15:44,16:39,11,,,517,21,#75263D,0,8467338,Colorado Avalanche,5645531,COL,336,00:55
2015020679,COL,Alex,Tanguay,2,19:30,19:42,12,,,517,21,#75263D,0,8467338,Colorado Avalanche,5645532,COL,344,00:12
2015020679,COL,Alex,Tanguay,3,00:00,00:52,13,,,517,21,#75263D,0,8467338,Colorado Avalanche,5645533,COL,346,00:52
2015020679,COL,Alex,Tanguay,3,03:18,04:31,14,,,517,21,#75263D,0,8467338,Colorado Avalanche,5646686,COL,503,01:13
2015020679,COL,Alex,Tanguay,3,07:50,09:08,15,,,517,21,#75263D,0,8467338,Colorado Avalanche,5646687,COL,515,01:18
2015020679,COL,Alex,Tanguay,3,09:38,10:21,16,,,517,21,#75263D,0,8467338,Colorado Avalanche,5646688,COL,521,00:43
2015020679,COL,Alex,Tanguay,3,12:15,13:03,17,,,517,21,#75263D,0,8467338,Colorado Avalanche,5646689,COL,527,00:48
2015020679,COL,Alex,Tanguay,3,17:13,18:07,18,,,517,21,#75263D,0,8467338,Colorado Avalanche,5646690,COL,539,00:54
2015020679,COL,Francois,Beauchemin,1,00:00,00:33,1,,,517,21,#75263D,0,8467400,Colorado Avalanche,5645534,COL,4,00:33
2015020679,COL,Francois,Beauchemin,1,01:21,02:04,2,,,517,21,#75263D,0,8467400,Colorado Avalanche,5645535,COL,153,00:43
2015020679,COL,Francois,Beauchemin,1,02:28,03:20,3,,,517,21,#75263D,0,8467400,Colorado Avalanche,5645536,COL,158,00:52
2015020679,COL,Francois,Beauchemin,1,05:43,07:26,4,,,517,21,#75263D,0,8467400,Colorado Avalanche,5645537,COL,,01:43
2015020679,COL,Francois,Beauchemin,1,07:51,08:48,5,,,517,21,#75263D,0,8467400,Colorado Avalanche,5645538,COL,169,00:57
2015020679,COL,Francois,Beauchemin,1,11:03,12:42,6,,,517,21,#75263D,0,8467400,Colorado Avalanche,5645539,COL,177,01:39
2015020679,COL,Francois,Beauchemin,1,13:43,15:20,7,,,517,21,#75263D,0,8467400,Colorado Avalanche,5645540,COL,182,01:37
2015020679,COL,Francois,Beauchemin,1,17:13,18:19,8,,,517,21,#75263D,0,8467400,Colorado Avalanche,5645541,COL,192,01:06
2015020679,COL,Francois,Beauchemin,1,19:40,20:00,9,,,517,21,#75263D,0,8467400,Colorado Avalanche,5645542,COL,200,00:20
2015020679,COL,Francois,Beauchemin,2,00:00,00:38,10,,,517,21,#75263D,0,8467400,Colorado Avalanche,5645543,COL,301,00:38
2015020679,COL,Francois,Beauchemin,2,02:10,02:53,11,,,517,21,#75263D,0,8467400,Colorado Avalanche,5645544,COL,308,00:43
2015020679,COL,Francois,Beauchemin,2,04:02,05:03,12,,,517,21,#75263D,0,8467400,Colorado Avalanche,5645545,COL,312,01:01
2015020679,COL,Francois,Beauchemin,2,07:01,08:34,13,,,517,21,#75263D,0,8467400,Colorado Avalanche,5645546,COL,320,01:33
2015020679,COL,Francois,Beauchemin,2,09:43,10:47,14,,,517,21,#75263D,0,8467400,Colorado Avalanche,5645547,COL,324,01:04
2015020679,COL,Francois,Beauchemin,2,11:45,12:39,15,,,517,21,#75263D,0,8467400,Colorado Avalanche,5645548,COL,329,00:54
2015020679,COL,Francois,Beauchemin,2,13:21,13:37,16,,,517,21,#75263D,0,8467400,Colorado Avalanche,5645549,COL,331,00:16
2015020679,COL,Francois,Beauchemin,2,14:59,16:08,17,,,517,21,#75263D,0,8467400,Colorado Avalanche,5645550,COL,335,01:09
2015020679,COL,Francois,Beauchemin,2,18:18,18:48,18,,,517,21,#75263D,0,8467400,Colorado Avalanche,5645551,COL,342,00:30
2015020679,COL,Francois,Beauchemin,2,19:42,20:00,19,,,517,21,#75263D,0,8467400,Colorado Avalanche,5645552,COL,345,00:18
2015020679,COL,Francois,Beauchemin,3,00:00,00:52,20,,,517,21,#75263D,0,8467400,Colorado Avalanche,5645553,COL,346,00:52
2015020679,COL,Francois,Beauchemin,3,03:59,04:50,21,,,517,21,#75263D,0,8467400,Colorado Avalanche,5646691,COL,505,00:51
2015020679,COL,Francois,Beauchemin,3,06:39,07:56,22,,,517,21,#75263D,0,8467400,Colorado Avalanche,5646692,COL,513,01:17
2015020679,COL,Francois,Beauchemin,3,08:38,10:21,23,,,517,21,#75263D,0,8467400,Colorado Avalanche,5646693,COL,517,01:43
2015020679,COL,Francois,Beauchemin,3,10:41,11:24,24,,,517,21,#75263D,0,8467400,Colorado Avalanche,5646694,COL,524,00:43
2015020679,COL,Francois,Beauchemin,3,12:15,13:03,25,,,517,21,#75263D,0,8467400,Colorado Avalanche,5646695,COL,527,00:48
2015020679,COL,Francois,Beauchemin,3,14:07,17:13,26,,,517,21,#75263D,0,8467400,Colorado Avalanche,5646696,COL,532,03:06
2015020679,COL,Francois,Beauchemin,3,19:09,20:00,27,,,517,21,#75263D,0,8467400,Colorado Avalanche,5646697,COL,544,00:51
2015020679,WPG,Chris,Thorburn,1,00:54,01:17,1,,,517,52,#002654,0,8469501,Winnipeg Jets,5645554,WPG,102,00:23
2015020679,WPG,Chris,Thorburn,1,03:22,04:32,2,,,517,52,#002654,0,8469501,Winnipeg Jets,5645555,WPG,109,01:10
2015020679,WPG,Chris,Thorburn,1,08:26,09:27,3,,,517,52,#002654,0,8469501,Winnipeg Jets,5645556,WPG,120,01:01
2015020679,WPG,Chris,Thorburn,1,12:05,12:49,4,,,517,52,#002654,0,8469501,Winnipeg Jets,5645557,WPG,130,00:44
2015020679,WPG,Chris,Thorburn,1,16:16,17:13,5,,,517,52,#002654,0,8469501,Winnipeg Jets,5645558,WPG,148,00:57
2015020679,WPG,Chris,Thorburn,1,18:03,18:55,6,,,517,52,#002654,0,8469501,Winnipeg Jets,5645559,WPG,351,00:52
2015020679,WPG,Chris,Thorburn,2,01:20,01:58,7,,,517,52,#002654,0,8469501,Winnipeg Jets,5645560,WPG,360,00:38
2015020679,WPG,Chris,Thorburn,2,04:59,05:55,8,,,517,52,#002654,0,8469501,Winnipeg Jets,5645561,WPG,368,00:56
2015020679,WPG,Chris,Thorburn,2,08:34,09:43,9,,,517,52,#002654,0,8469501,Winnipeg Jets,5645562,WPG,376,01:09
2015020679,WPG,Chris,Thorburn,2,12:39,13:37,10,,,517,52,#002654,0,8469501,Winnipeg Jets,5645563,WPG,385,00:58
2015020679,WPG,Chris,Thorburn,2,15:28,16:27,11,,,517,52,#002654,0,8469501,Winnipeg Jets,5645564,WPG,393,00:59
2015020679,WPG,Chris,Thorburn,2,16:46,17:30,12,,,517,52,#002654,0,8469501,Winnipeg Jets,5645565,WPG,398,00:44
2015020679,WPG,Chris,Thorburn,3,00:50,01:38,13,,,517,52,#002654,0,8469501,Winnipeg Jets,5645566,WPG,459,00:48
2015020679,WPG,Chris,Thorburn,3,04:50,05:36,14,,,517,52,#002654,0,8469501,Winnipeg Jets,5646698,WPG,472,00:46
2015020679,WPG,Chris,Thorburn,3,07:49,08:28,15,,,517,52,#002654,0,8469501,Winnipeg Jets,5646699,WPG,482,00:39
2015020679,WPG,Chris,Thorburn,3,13:03,13:52,16,,,517,52,#002654,0,8469501,Winnipeg Jets,5646700,WPG,497,00:49
2015020679,WPG,Mark,Stuart,1,01:29,02:28,1,,,517,52,#002654,0,8470614,Winnipeg Jets,5645567,WPG,104,00:59
2015020679,WPG,Mark,Stuart,1,08:30,09:56,2,,,517,52,#002654,0,8470614,Winnipeg Jets,5645568,WPG,121,01:26
2015020679,WPG,Mark,Stuart,1,10:49,11:03,3,,,517,52,#002654,0,8470614,Winnipeg Jets,5645569,WPG,127,00:14
2015020679,WPG,Mark,Stuart,1,11:39,12:37,4,,,517,52,#002654,0,8470614,Winnipeg Jets,5645570,WPG,129,00:58
2015020679,WPG,Mark,Stuart,1,13:38,14:18,5,,,517,52,#002654,0,8470614,Winnipeg Jets,5645571,WPG,134,00:40
2015020679,WPG,Mark,Stuart,1,15:38,16:13,6,,,517,52,#002654,0,8470614,Winnipeg Jets,5645572,WPG,145,00:35
2015020679,WPG,Mark,Stuart,2,01:16,01:20,7,,,517,52,#002654,0,8470614,Winnipeg Jets,5645573,WPG,359,00:04
2015020679,WPG,Mark,Stuart,2,02:41,03:41,8,,,517,52,#002654,0,8470614,Winnipeg Jets,5645574,WPG,362,01:00
2015020679,WPG,Mark,Stuart,2,08:34,09:43,9,,,517,52,#002654,0,8470614,Winnipeg Jets,5645575,WPG,376,01:09
2015020679,WPG,Mark,Stuart,2,11:06,11:32,10,,,517,52,#002654,0,8470614,Winnipeg Jets,5645576,WPG,381,00:26
2015020679,WPG,Mark,Stuart,2,13:37,14:32,11,,,517,52,#002654,0,8470614,Winnipeg Jets,5645577,WPG,388,00:55
2015020679,WPG,Mark,Stuart,2,18:48,19:30,12,,,517,52,#002654,0,8470614,Winnipeg Jets,5645578,WPG,454,00:42
2015020679,WPG,Mark,Stuart,3,01:06,01:38,13,,,517,52,#002654,0,8470614,Winnipeg Jets,5645579,WPG,460,00:32
2015020679,WPG,Mark,Stuart,3,02:38,04:02,14,,,517,52,#002654,0,8470614,Winnipeg Jets,5646701,WPG,466,01:24
2015020679,WPG,Mark,Stuart,3,09:19,09:38,15,,,517,52,#002654,0,8470614,Winnipeg Jets,5646702,WPG,489,00:19
2015020679,WPG,Mark,Stuart,3,11:28,12:19,16,,,517,52,#002654,0,8470614,Winnipeg Jets,5646703,WPG,494,00:51
2015020679,COL,John,Mitchell,1,02:04,02:28,1,,,517,21,#75263D,0,8470750,Colorado Avalanche,5645580,COL,156,00:24
2015020679,COL,John,Mitchell,1,05:43,06:19,2,,,517,21,#75263D,0,8470750,Colorado Avalanche,5645581,COL,,00:36
2015020679,COL,John,Mitchell,1,07:14,07:51,3,,,517,21,#75263D,0,8470750,Colorado Avalanche,5645582,COL,166,00:37
2015020679,COL,John,Mitchell,1,10:39,11:03,4,,,517,21,#75263D,0,8470750,Colorado Avalanche,5645583,COL,176,00:24
2015020679,COL,John,Mitchell,1,13:40,14:46,5,,,517,21,#75263D,0,8470750,Colorado Avalanche,5645584,COL,181,01:06
2015020679,COL,John,Mitchell,1,16:48,17:13,6,,,517,21,#75263D,0,8470750,Colorado Avalanche,5645585,COL,190,00:25
2015020679,COL,John,Mitchell,1,19:25,20:00,7,,,517,21,#75263D,0,8470750,Colorado Avalanche,5645586,COL,198,00:35
2015020679,COL,John,Mitchell,2,01:58,02:53,8,,,517,21,#75263D,0,8470750,Colorado Avalanche,5645587,COL,307,00:55
2015020679,COL,John,Mitchell,2,06:29,07:19,9,,,517,21,#75263D,0,8470750,Colorado Avalanche,5645588,COL,318,00:50
2015020679,COL,John,Mitchell,2,10:47,11:45,10,,,517,21,#75263D,0,8470750,Colorado Avalanche,5645589,COL,326,00:58
2015020679,COL,John,Mitchell,2,14:48,15:44,11,,,517,21,#75263D,0,8470750,Colorado Avalanche,5645590,COL,334,00:56
2015020679,COL,John,Mitchell,2,18:18,18:48,12,,,517,21,#75263D,0,8470750,Colorado Avalanche,5645591,COL,342,00:30
2015020679,COL,John,Mitchell,2,19:42,20:00,13,,,517,21,#75263D,0,8470750,Colorado Avalanche,5645592,COL,345,00:18
2015020679,COL,John,Mitchell,3,02:29,03:21,14,,,517,21,#75263D,0,8470750,Colorado Avalanche,5646704,COL,350,00:52
2015020679,COL,John,Mitchell,3,06:29,07:44,15,,,517,21,#75263D,0,8470750,Colorado Avalanche,5646705,COL,512,01:15
2015020679,COL,John,Mitchell,3,11:28,12:19,16,,,517,21,#75263D,0,8470750,Colorado Avalanche,5646706,COL,526,00:51
2015020679,COL,John,Mitchell,3,13:50,15:00,17,,,517,21,#75263D,0,8470750,Colorado Avalanche,5646707,COL,531,01:10
2015020679,COL,John,Mitchell,3,16:04,16:47,18,,,517,21,#75263D,0,8470750,Colorado Avalanche,5646708,COL,536,00:43
2015020679,WPG,Toby,Enstrom,1,00:00,00:33,1,,,517,52,#002654,0,8470828,Winnipeg Jets,5645593,WPG,3,00:33
2015020679,WPG,Toby,Enstrom,1,02:28,03:11,2,,,517,52,#002654,0,8470828,Winnipeg Jets,5645594,WPG,107,00:43
2015020679,WPG,Toby,Enstrom,1,05:02,05:51,3,,,517,52,#002654,0,8470828,Winnipeg Jets,5645595,WPG,112,00:49
2015020679,WPG,Toby,Enstrom,1,07:10,08:26,4,,,517,52,#002654,0,8470828,Winnipeg Jets,5645596,WPG,118,01:16
2015020679,WPG,Toby,Enstrom,1,11:03,11:39,5,,,517,52,#002654,0,8470828,Winnipeg Jets,5645597,WPG,128,00:36
2015020679,WPG,Toby,Enstrom,1,14:13,15:38,6,,,517,52,#002654,0,8470828,Winnipeg Jets,5645598,WPG,139,01:25
2015020679,WPG,Toby,Enstrom,1,18:01,18:47,7,,,517,52,#002654,0,8470828,Winnipeg Jets,5645599,WPG,150,00:46
2015020679,WPG,Toby,Enstrom,1,19:30,20:00,8,,,517,52,#002654,0,8470828,Winnipeg Jets,5645600,WPG,355,00:30
2015020679,WPG,Toby,Enstrom,2,00:00,01:16,9,,,517,52,#002654,0,8470828,Winnipeg Jets,5645601,WPG,358,01:16
2015020679,WPG,Toby,Enstrom,2,03:41,04:50,10,,,517,52,#002654,0,8470828,Winnipeg Jets,5645602,WPG,364,01:09
2015020679,WPG,Toby,Enstrom,2,07:45,08:34,11,,,517,52,#002654,0,8470828,Winnipeg Jets,5645603,WPG,375,00:49
2015020679,WPG,Toby,Enstrom,2,12:09,12:51,12,,,517,52,#002654,0,8470828,Winnipeg Jets,5645604,WPG,383,00:42
2015020679,WPG,Toby,Enstrom,2,14:51,15:28,13,,,517,52,#002654,0,8470828,Winnipeg Jets,5645605,WPG,392,00:37
2015020679,WPG,Toby,Enstrom,2,17:30,18:29,14,,,517,52,#002654,0,8470828,Winnipeg Jets,5645606,WPG,399,00:59
2015020679,WPG,Toby,Enstrom,2,19:42,20:00,15,,,517,52,#002654,0,8470828,Winnipeg Jets,5645607,WPG,457,00:18
2015020679,WPG,Toby,Enstrom,3,00:00,01:06,16,,,517,52,#002654,0,8470828,Winnipeg Jets,5645608,WPG,458,01:06
2015020679,WPG,Toby,Enstrom,3,02:16,02:38,17,,,517,52,#002654,0,8470828,Winnipeg Jets,5646709,WPG,463,00:22
2015020679,WPG,Toby,Enstrom,3,04:02,04:31,18,,,517,52,#002654,0,8470828,Winnipeg Jets,5646710,WPG,469,00:29
2015020679,WPG,Toby,Enstrom,3,05:15,06:16,19,,,517,52,#002654,0,8470828,Winnipeg Jets,5646711,WPG,474,01:01
2015020679,WPG,Toby,Enstrom,3,07:13,07:52,20,,,517,52,#002654,0,8470828,Winnipeg Jets,5646712,WPG,481,00:39
2015020679,WPG,Toby,Enstrom,3,09:38,10:32,21,,,517,52,#002654,0,8470828,Winnipeg Jets,5646713,WPG,491,00:54
2015020679,WPG,Toby,Enstrom,3,12:16,13:03,22,,,517,52,#002654,0,8470828,Winnipeg Jets,5646714,WPG,495,00:47
2015020679,WPG,Toby,Enstrom,3,13:52,14:51,23,,,517,52,#002654,0,8470828,Winnipeg Jets,5646715,WPG,499,00:59
2015020679,WPG,Toby,Enstrom,3,16:32,18:06,24,,,517,52,#002654,0,8470828,Winnipeg Jets,5646716,WPG,653,01:34
2015020679,WPG,Dustin,Byfuglien,1,00:33,01:29,1,,,517,52,#002654,0,8470834,Winnipeg Jets,5645609,WPG,101,00:56
2015020679,WPG,Dustin,Byfuglien,1,03:22,05:15,2,,,517,52,#002654,0,8470834,Winnipeg Jets,5645610,WPG,109,01:53
2015020679,WPG,Dustin,Byfuglien,1,05:51,07:10,3,,,517,52,#002654,0,8470834,Winnipeg Jets,5645611,WPG,117,01:19
2015020679,WPG,Dustin,Byfuglien,1,08:26,08:30,4,,,517,52,#002654,0,8470834,Winnipeg Jets,5645612,WPG,120,00:04
2015020679,WPG,Dustin,Byfuglien,1,09:56,10:49,5,,,517,52,#002654,0,8470834,Winnipeg Jets,5645613,WPG,125,00:53
2015020679,WPG,Dustin,Byfuglien,1,12:37,13:42,6,,,517,52,#002654,0,8470834,Winnipeg Jets,5645614,WPG,131,01:05
2015020679,WPG,Dustin,Byfuglien,1,16:16,18:03,7,,,517,52,#002654,0,8470834,Winnipeg Jets,5645615,WPG,148,01:47
2015020679,WPG,Dustin,Byfuglien,1,18:47,19:30,8,,,517,52,#002654,0,8470834,Winnipeg Jets,5645616,WPG,353,00:43
2015020679,WPG,Dustin,Byfuglien,2,01:20,02:41,9,,,517,52,#002654,0,8470834,Winnipeg Jets,5645617,WPG,360,01:21
2015020679,WPG,Dustin,Byfuglien,2,04:50,07:45,10,,,517,52,#002654,0,8470834,Winnipeg Jets,5645618,WPG,366,02:55
2015020679,WPG,Dustin,Byfuglien,2,09:43,11:06,11,,,517,52,#002654,0,8470834,Winnipeg Jets,5645619,WPG,377,01:23
2015020679,WPG,Dustin,Byfuglien,2,12:51,13:37,12,,,517,52,#002654,0,8470834,Winnipeg Jets,5645620,WPG,387,00:46
2015020679,WPG,Dustin,Byfuglien,2,15:28,17:30,13,,,517,52,#002654,0,8470834,Winnipeg Jets,5645621,WPG,393,02:02
2015020679,WPG,Dustin,Byfuglien,2,18:29,18:48,14,,,517,52,#002654,0,8470834,Winnipeg Jets,5645622,WPG,452,00:19
2015020679,WPG,Dustin,Byfuglien,2,19:30,19:42,15,,,517,52,#002654,0,8470834,Winnipeg Jets,5645623,WPG,455,00:12
2015020679,WPG,Dustin,Byfuglien,3,01:38,02:16,16,,,517,52,#002654,0,8470834,Winnipeg Jets,5646717,WPG,462,00:38
2015020679,WPG,Dustin,Byfuglien,3,04:31,05:15,17,,,517,52,#002654,0,8470834,Winnipeg Jets,5646718,WPG,470,00:44
2015020679,WPG,Dustin,Byfuglien,3,06:16,07:13,18,,,517,52,#002654,0,8470834,Winnipeg Jets,5646719,WPG,478,00:57
2015020679,WPG,Dustin,Byfuglien,3,07:52,09:25,19,,,517,52,#002654,0,8470834,Winnipeg Jets,5646720,WPG,483,01:33
2015020679,WPG,Dustin,Byfuglien,3,10:32,11:28,20,,,517,52,#002654,0,8470834,Winnipeg Jets,5646721,WPG,493,00:56
2015020679,WPG,Dustin,Byfuglien,3,13:03,13:52,21,,,517,52,#002654,0,8470834,Winnipeg Jets,5646722,WPG,497,00:49
2015020679,WPG,Dustin,Byfuglien,3,14:51,16:32,22,,,517,52,#002654,0,8470834,Winnipeg Jets,5646723,WPG,500,01:41
2015020679,WPG,Dustin,Byfuglien,3,18:06,19:13,23,,,517,52,#002654,0,8470834,Winnipeg Jets,5646724,WPG,656,01:07
2015020679,WPG,Dustin,Byfuglien,3,19:18,20:00,24,,,517,52,#002654,0,8470834,Winnipeg Jets,5646725,WPG,659,00:42
2015020679,WPG,Andrew,Ladd,1,00:00,00:33,1,,,517,52,#002654,0,8471217,Winnipeg Jets,5645624,WPG,3,00:33
2015020679,WPG,Andrew,Ladd,1,02:28,03:22,2,,,517,52,#002654,0,8471217,Winnipeg Jets,5645625,WPG,107,00:54
2015020679,WPG,Andrew,Ladd,1,05:51,07:10,3,,,517,52,#002654,0,8471217,Winnipeg Jets,5645626,WPG,117,01:19
2015020679,WPG,Andrew,Ladd,1,07:51,08:26,4,,,517,52,#002654,0,8471217,Winnipeg Jets,5645627,WPG,119,00:35
2015020679,WPG,Andrew,Ladd,1,11:03,11:39,5,,,517,52,#002654,0,8471217,Winnipeg Jets,5645628,WPG,128,00:36
2015020679,WPG,Andrew,Ladd,1,13:08,13:42,6,,,517,52,#002654,0,8471217,Winnipeg Jets,5645629,WPG,133,00:34
2015020679,WPG,Andrew,Ladd,1,14:28,15:17,7,,,517,52,#002654,0,8471217,Winnipeg Jets,5645630,WPG,141,00:49
2015020679,WPG,Andrew,Ladd,1,17:13,18:18,8,,,517,52,#002654,0,8471217,Winnipeg Jets,5645631,WPG,149,01:05
2015020679,WPG,Andrew,Ladd,1,19:55,20:00,9,,,517,52,#002654,0,8471217,Winnipeg Jets,5645632,WPG,357,00:05
2015020679,WPG,Andrew,Ladd,2,00:00,01:16,10,,,517,52,#002654,0,8471217,Winnipeg Jets,5645633,WPG,358,01:16
2015020679,WPG,Andrew,Ladd,2,03:41,04:59,11,,,517,52,#002654,0,8471217,Winnipeg Jets,5645634,WPG,364,01:18
2015020679,WPG,Andrew,Ladd,2,07:41,08:34,12,,,517,52,#002654,0,8471217,Winnipeg Jets,5645635,WPG,374,00:53
2015020679,WPG,Andrew,Ladd,2,11:32,12:39,13,,,517,52,#002654,0,8471217,Winnipeg Jets,5645636,WPG,382,01:07
2015020679,WPG,Andrew,Ladd,2,14:47,15:28,14,,,517,52,#002654,0,8471217,Winnipeg Jets,5645637,WPG,391,00:41
2015020679,WPG,Andrew,Ladd,2,18:25,18:48,15,,,517,52,#002654,0,8471217,Winnipeg Jets,5645638,WPG,451,00:23
2015020679,WPG,Andrew,Ladd,2,19:30,19:42,16,,,517,52,#002654,0,8471217,Winnipeg Jets,5645639,WPG,455,00:12
2015020679,WPG,Andrew,Ladd,3,00:00,00:50,17,,,517,52,#002654,0,8471217,Winnipeg Jets,5645640,WPG,458,00:50
2015020679,WPG,Andrew,Ladd,3,03:47,04:50,18,,,517,52,#002654,0,8471217,Winnipeg Jets,5646726,WPG,468,01:03
2015020679,WPG,Andrew,Ladd,3,06:32,07:13,19,,,517,52,#002654,0,8471217,Winnipeg Jets,5646727,WPG,480,00:41
2015020679,WPG,Andrew,Ladd,3,08:28,10:23,20,,,517,52,#002654,0,8471217,Winnipeg Jets,5646728,WPG,486,01:55
2015020679,WPG,Andrew,Ladd,3,11:28,12:19,21,,,517,52,#002654,0,8471217,Winnipeg Jets,5646729,WPG,494,00:51
2015020679,WPG,Andrew,Ladd,3,13:52,14:51,22,,,517,52,#002654,0,8471217,Winnipeg Jets,5646730,WPG,499,00:59
2015020679,WPG,Andrew,Ladd,3,15:21,16:32,23,,,517,52,#002654,0,8471217,Winnipeg Jets,5646731,WPG,652,01:11
2015020679,WPG,Andrew,Ladd,3,18:00,19:09,24,,,517,52,#002654,0,8471217,Winnipeg Jets,5646732,WPG,655,01:09
2015020679,WPG,Andrew,Ladd,3,19:18,20:00,25,,,517,52,#002654,0,8471217,Winnipeg Jets,5646733,WPG,659,00:42
2015020679,WPG,Blake,Wheeler,1,00:00,00:54,1,,,517,52,#002654,0,8471218,Winnipeg Jets,5645641,WPG,3,00:54
2015020679,WPG,Blake,Wheeler,1,02:28,03:22,2,,,517,52,#002654,0,8471218,Winnipeg Jets,5645642,WPG,107,00:54
2015020679,WPG,Blake,Wheeler,1,05:51,07:10,3,,,517,52,#002654,0,8471218,Winnipeg Jets,5645643,WPG,117,01:19
2015020679,WPG,Blake,Wheeler,1,07:51,08:26,4,,,517,52,#002654,0,8471218,Winnipeg Jets,5645644,WPG,119,00:35
2015020679,WPG,Blake,Wheeler,1,11:03,11:39,5,,,517,52,#002654,0,8471218,Winnipeg Jets,5645645,WPG,128,00:36
2015020679,WPG,Blake,Wheeler,1,12:05,12:37,6,,,517,52,#002654,0,8471218,Winnipeg Jets,5645646,WPG,130,00:32
2015020679,WPG,Blake,Wheeler,1,14:28,15:03,7,,,517,52,#002654,0,8471218,Winnipeg Jets,5645647,WPG,141,00:35
2015020679,WPG,Blake,Wheeler,1,17:13,18:03,8,,,517,52,#002654,0,8471218,Winnipeg Jets,5645648,WPG,149,00:50
2015020679,WPG,Blake,Wheeler,1,19:30,20:00,9,,,517,52,#002654,0,8471218,Winnipeg Jets,5645649,WPG,355,00:30
2015020679,WPG,Blake,Wheeler,2,00:00,01:16,10,,,517,52,#002654,0,8471218,Winnipeg Jets,5645650,WPG,358,01:16
2015020679,WPG,Blake,Wheeler,2,03:41,04:43,11,,,517,52,#002654,0,8471218,Winnipeg Jets,5645651,WPG,364,01:02
2015020679,WPG,Blake,Wheeler,2,07:41,08:34,12,,,517,52,#002654,0,8471218,Winnipeg Jets,5645652,WPG,374,00:53
2015020679,WPG,Blake,Wheeler,2,12:09,12:45,13,,,517,52,#002654,0,8471218,Winnipeg Jets,5645653,WPG,383,00:36
2015020679,WPG,Blake,Wheeler,2,14:40,15:40,14,,,517,52,#002654,0,8471218,Winnipeg Jets,5645654,WPG,390,01:00
2015020679,WPG,Blake,Wheeler,2,18:39,18:48,15,,,517,52,#002654,0,8471218,Winnipeg Jets,5645655,WPG,453,00:09
2015020679,WPG,Blake,Wheeler,3,00:00,00:50,16,,,517,52,#002654,0,8471218,Winnipeg Jets,5645656,WPG,458,00:50
2015020679,WPG,Blake,Wheeler,3,03:21,04:45,17,,,517,52,#002654,0,8471218,Winnipeg Jets,5646734,WPG,467,01:24
2015020679,WPG,Blake,Wheeler,3,06:25,07:13,18,,,517,52,#002654,0,8471218,Winnipeg Jets,5646735,WPG,479,00:48
2015020679,WPG,Blake,Wheeler,3,08:44,10:23,19,,,517,52,#002654,0,8471218,Winnipeg Jets,5646736,WPG,487,01:39
2015020679,WPG,Blake,Wheeler,3,11:28,12:19,20,,,517,52,#002654,0,8471218,Winnipeg Jets,5646737,WPG,494,00:51
2015020679,WPG,Blake,Wheeler,3,13:46,14:51,21,,,517,52,#002654,0,8471218,Winnipeg Jets,5646738,WPG,498,01:05
2015020679,WPG,Blake,Wheeler,3,15:14,16:46,22,,,517,52,#002654,0,8471218,Winnipeg Jets,5646739,WPG,651,01:32
2015020679,WPG,Blake,Wheeler,3,18:06,20:00,23,,,517,52,#002654,0,8471218,Winnipeg Jets,5646740,WPG,656,01:54
2015020679,COL,Blake,Comeau,1,00:33,01:27,1,,,517,21,#75263D,0,8471260,Colorado Avalanche,5645657,COL,151,00:54
2015020679,COL,Blake,Comeau,1,04:55,05:43,2,,,517,21,#75263D,0,8471260,Colorado Avalanche,5645658,COL,161,00:48
2015020679,COL,Blake,Comeau,1,06:21,07:14,3,,,517,21,#75263D,0,8471260,Colorado Avalanche,5645659,COL,165,00:53
2015020679,COL,Blake,Comeau,1,09:32,10:39,4,,,517,21,#75263D,0,8471260,Colorado Avalanche,5645660,COL,174,01:07
2015020679,COL,Blake,Comeau,1,12:42,14:06,5,,,517,21,#75263D,0,8471260,Colorado Avalanche,5645661,COL,180,01:24
2015020679,COL,Blake,Comeau,1,17:13,18:32,6,,,517,21,#75263D,0,8471260,Colorado Avalanche,5645662,COL,192,01:19
2015020679,COL,Blake,Comeau,2,00:58,01:16,7,,,517,21,#75263D,0,8471260,Colorado Avalanche,5645663,COL,304,00:18
2015020679,COL,Blake,Comeau,2,01:20,02:21,8,,,517,21,#75263D,0,8471260,Colorado Avalanche,5645664,COL,306,01:01
2015020679,COL,Blake,Comeau,2,04:45,05:39,9,,,517,21,#75263D,0,8471260,Colorado Avalanche,5645665,COL,313,00:54
2015020679,COL,Blake,Comeau,2,08:34,09:43,10,,,517,21,#75263D,0,8471260,Colorado Avalanche,5645666,COL,323,01:09
2015020679,COL,Blake,Comeau,2,12:39,13:37,11,,,517,21,#75263D,0,8471260,Colorado Avalanche,5645667,COL,330,00:58
2015020679,COL,Blake,Comeau,2,16:39,17:30,12,,,517,21,#75263D,0,8471260,Colorado Avalanche,5645668,COL,338,00:51
2015020679,COL,Blake,Comeau,2,18:48,19:30,13,,,517,21,#75263D,0,8471260,Colorado Avalanche,5645669,COL,343,00:42
2015020679,COL,Blake,Comeau,3,01:38,02:32,14,,,517,21,#75263D,0,8471260,Colorado Avalanche,5646741,COL,349,00:54
2015020679,COL,Blake,Comeau,3,05:18,06:29,15,,,517,21,#75263D,0,8471260,Colorado Avalanche,5646742,COL,509,01:11
2015020679,COL,Blake,Comeau,3,09:08,09:25,16,,,517,21,#75263D,0,8471260,Colorado Avalanche,5646743,COL,518,00:17
2015020679,COL,Blake,Comeau,3,10:41,11:28,17,,,517,21,#75263D,0,8471260,Colorado Avalanche,5646744,COL,524,00:47
2015020679,COL,Blake,Comeau,3,13:03,13:50,18,,,517,21,#75263D,0,8471260,Colorado Avalanche,5646745,COL,529,00:47
2015020679,COL,Blake,Comeau,3,15:21,16:00,19,,,517,21,#75263D,0,8471260,Colorado Avalanche,5646746,COL,534,00:39
2015020679,COL,Blake,Comeau,3,16:30,17:13,20,,,517,21,#75263D,0,8471260,Colorado Avalanche,5646747,COL,537,00:43
2015020679,COL,Blake,Comeau,3,19:09,20:00,21,,,517,21,#75263D,0,8471260,Colorado Avalanche,5646748,COL,544,00:51
2015020679,COL,Carl,Soderberg,1,00:33,01:32,1,,,517,21,#75263D,0,8471262,Colorado Avalanche,5645670,COL,151,00:59
2015020679,COL,Carl,Soderberg,1,04:55,05:43,2,,,517,21,#75263D,0,8471262,Colorado Avalanche,5645671,COL,161,00:48
2015020679,COL,Carl,Soderberg,1,06:19,07:14,3,,,517,21,#75263D,0,8471262,Colorado Avalanche,5645672,COL,164,00:55
2015020679,COL,Carl,Soderberg,1,09:32,10:39,4,,,517,21,#75263D,0,8471262,Colorado Avalanche,5645673,COL,174,01:07
2015020679,COL,Carl,Soderberg,1,11:35,12:42,5,,,517,21,#75263D,0,8471262,Colorado Avalanche,5645674,COL,178,01:07
2015020679,COL,Carl,Soderberg,1,17:13,18:19,6,,,517,21,#75263D,0,8471262,Colorado Avalanche,5645675,COL,192,01:06
2015020679,COL,Carl,Soderberg,2,01:16,01:16,0,EVG,"Nick Holden, Blake Comeau",505,21,#6F263D,803,8471262,Colorado Avalanche,5646276,COL,260,
2015020679,COL,Carl,Soderberg,2,00:46,01:16,7,,,517,21,#75263D,0,8471262,Colorado Avalanche,5645676,COL,303,00:30
2015020679,COL,Carl,Soderberg,2,01:20,01:58,8,,,517,21,#75263D,0,8471262,Colorado Avalanche,5645677,COL,306,00:38
2015020679,COL,Carl,Soderberg,2,04:45,05:39,9,,,517,21,#75263D,0,8471262,Colorado Avalanche,5645678,COL,313,00:54
2015020679,COL,Carl,Soderberg,2,08:34,09:43,10,,,517,21,#75263D,0,8471262,Colorado Avalanche,5645679,COL,323,01:09
2015020679,COL,Carl,Soderberg,2,12:39,13:37,11,,,517,21,#75263D,0,8471262,Colorado Avalanche,5645680,COL,330,00:58
2015020679,COL,Carl,Soderberg,2,16:46,17:30,12,,,517,21,#75263D,0,8471262,Colorado Avalanche,5645681,COL,339,00:44
2015020679,COL,Carl,Soderberg,2,19:30,19:42,13,,,517,21,#75263D,0,8471262,Colorado Avalanche,5645682,COL,344,00:12
2015020679,COL,Carl,Soderberg,3,01:38,02:29,14,,,517,21,#75263D,0,8471262,Colorado Avalanche,5646749,COL,349,00:51
2015020679,COL,Carl,Soderberg,3,05:18,06:29,15,,,517,21,#75263D,0,8471262,Colorado Avalanche,5646750,COL,509,01:11
2015020679,COL,Carl,Soderberg,3,08:38,09:25,16,,,517,21,#75263D,0,8471262,Colorado Avalanche,5646751,COL,517,00:47
2015020679,COL,Carl,Soderberg,3,10:41,11:28,17,,,517,21,#75263D,0,8471262,Colorado Avalanche,5646752,COL,524,00:47
2015020679,COL,Carl,Soderberg,3,13:03,13:50,18,,,517,21,#75263D,0,8471262,Colorado Avalanche,5646753,COL,529,00:47
2015020679,COL,Carl,Soderberg,3,15:21,16:04,19,,,517,21,#75263D,0,8471262,Colorado Avalanche,5646754,COL,534,00:43
2015020679,COL,Carl,Soderberg,3,16:47,17:13,20,,,517,21,#75263D,0,8471262,Colorado Avalanche,5646755,COL,538,00:26
2015020679,COL,Carl,Soderberg,3,19:09,20:00,21,,,517,21,#75263D,0,8471262,Colorado Avalanche,5646756,COL,544,00:51
2015020679,COL,Cody,McLeod,1,01:32,02:28,1,,,517,21,#75263D,0,8471657,Colorado Avalanche,5645683,COL,155,00:56
2015020679,COL,Cody,McLeod,1,05:43,06:21,2,,,517,21,#75263D,0,8471657,Colorado Avalanche,5645684,COL,,00:38
2015020679,COL,Cody,McLeod,1,07:14,07:51,3,,,517,21,#75263D,0,8471657,Colorado Avalanche,5645685,COL,166,00:37
2015020679,COL,Cody,McLeod,1,10:39,11:03,4,,,517,21,#75263D,0,8471657,Colorado Avalanche,5645686,COL,176,00:24
2015020679,COL,Cody,McLeod,1,13:43,14:46,5,,,517,21,#75263D,0,8471657,Colorado Avalanche,5645687,COL,182,01:03
2015020679,COL,Cody,McLeod,1,16:57,17:13,6,,,517,21,#75263D,0,8471657,Colorado Avalanche,5645688,COL,191,00:16
2015020679,COL,Cody,McLeod,1,19:40,20:00,7,,,517,21,#75263D,0,8471657,Colorado Avalanche,5645689,COL,200,00:20
2015020679,COL,Cody,McLeod,2,02:10,02:53,8,,,517,21,#75263D,0,8471657,Colorado Avalanche,5645690,COL,308,00:43
2015020679,COL,Cody,McLeod,2,06:34,07:13,9,,,517,21,#75263D,0,8471657,Colorado Avalanche,5645691,COL,319,00:39
2015020679,COL,Cody,McLeod,2,10:47,11:34,10,,,517,21,#75263D,0,8471657,Colorado Avalanche,5645692,COL,326,00:47
2015020679,COL,Cody,McLeod,2,14:59,15:44,11,,,517,21,#75263D,0,8471657,Colorado Avalanche,5645693,COL,335,00:45
2015020679,COL,Cody,McLeod,2,18:18,18:48,12,,,517,21,#75263D,0,8471657,Colorado Avalanche,5645694,COL,342,00:30
2015020679,COL,Cody,McLeod,2,19:42,20:00,13,,,517,21,#75263D,0,8471657,Colorado Avalanche,5645695,COL,345,00:18
2015020679,COL,Cody,McLeod,3,02:29,03:18,14,,,517,21,#75263D,0,8471657,Colorado Avalanche,5646757,COL,350,00:49
2015020679,COL,Cody,McLeod,3,06:26,07:50,15,,,517,21,#75263D,0,8471657,Colorado Avalanche,5646758,COL,511,01:24
2015020679,COL,Cody,McLeod,3,11:28,12:15,16,,,517,21,#75263D,0,8471657,Colorado Avalanche,5646759,COL,526,00:47
2015020679,COL,Cody,McLeod,3,13:50,15:00,17,,,517,21,#75263D,0,8471657,Colorado Avalanche,5646760,COL,531,01:10
2015020679,COL,Cody,McLeod,3,18:07,19:18,18,,,517,21,#75263D,0,8471657,Colorado Avalanche,5646761,COL,543,01:11
2015020679,COL,Jack,Skille,1,02:04,02:28,1,,,517,21,#75263D,0,8471681,Colorado Avalanche,5645696,COL,156,00:24
2015020679,COL,Jack,Skille,1,05:43,05:51,2,,,517,21,#75263D,0,8471681,Colorado Avalanche,5645697,COL,,00:08
2015020679,COL,Jack,Skille,1,10:39,11:03,3,,,517,21,#75263D,0,8471681,Colorado Avalanche,5645698,COL,176,00:24
2015020679,COL,Jack,Skille,1,14:06,14:50,4,,,517,21,#75263D,0,8471681,Colorado Avalanche,5645699,COL,183,00:44
2015020679,COL,Jack,Skille,1,16:57,17:13,5,,,517,21,#75263D,0,8471681,Colorado Avalanche,5645700,COL,191,00:16
2015020679,COL,Jack,Skille,1,19:29,20:00,6,,,517,21,#75263D,0,8471681,Colorado Avalanche,5645701,COL,199,00:31
2015020679,COL,Jack,Skille,2,02:21,02:53,7,,,517,21,#75263D,0,8471681,Colorado Avalanche,5645702,COL,309,00:32
2015020679,COL,Jack,Skille,2,06:34,07:13,8,,,517,21,#75263D,0,8471681,Colorado Avalanche,5645703,COL,319,00:39
2015020679,COL,Jack,Skille,2,10:21,11:12,9,,,517,21,#75263D,0,8471681,Colorado Avalanche,5645704,COL,325,00:51
2015020679,COL,Jack,Skille,2,14:48,15:44,10,,,517,21,#75263D,0,8471681,Colorado Avalanche,5645705,COL,334,00:56
2015020679,COL,Jack,Skille,2,18:18,18:48,11,,,517,21,#75263D,0,8471681,Colorado Avalanche,5645706,COL,342,00:30
2015020679,COL,Jack,Skille,2,19:42,20:00,12,,,517,21,#75263D,0,8471681,Colorado Avalanche,5645707,COL,345,00:18
2015020679,COL,Jack,Skille,3,02:32,03:13,13,,,517,21,#75263D,0,8471681,Colorado Avalanche,5646762,COL,501,00:41
2015020679,COL,Jack,Skille,3,06:29,07:56,14,,,517,21,#75263D,0,8471681,Colorado Avalanche,5646763,COL,512,01:27
2015020679,COL,Jack,Skille,3,11:28,12:19,15,,,517,21,#75263D,0,8471681,Colorado Avalanche,5646764,COL,526,00:51
2015020679,COL,Jack,Skille,3,13:50,15:00,16,,,517,21,#75263D,0,8471681,Colorado Avalanche,5646765,COL,531,01:10
2015020679,WPG,Bryan,Little,1,00:00,00:33,1,,,517,52,#002654,0,8473412,Winnipeg Jets,5645708,WPG,3,00:33
2015020679,WPG,Bryan,Little,1,02:28,03:22,2,,,517,52,#002654,0,8473412,Winnipeg Jets,5645709,WPG,107,00:54
2015020679,WPG,Bryan,Little,1,05:51,07:10,3,,,517,52,#002654,0,8473412,Winnipeg Jets,5645710,WPG,117,01:19
2015020679,WPG,Bryan,Little,1,07:51,08:26,4,,,517,52,#002654,0,8473412,Winnipeg Jets,5645711,WPG,119,00:35
2015020679,WPG,Bryan,Little,1,11:03,11:39,5,,,517,52,#002654,0,8473412,Winnipeg Jets,5645712,WPG,128,00:36
2015020679,WPG,Bryan,Little,1,13:39,14:06,6,,,517,52,#002654,0,8473412,Winnipeg Jets,5645713,WPG,135,00:27
2015020679,WPG,Bryan,Little,1,14:28,15:11,7,,,517,52,#002654,0,8473412,Winnipeg Jets,5645714,WPG,141,00:43
2015020679,WPG,Bryan,Little,1,17:13,18:03,8,,,517,52,#002654,0,8473412,Winnipeg Jets,5645715,WPG,149,00:50
2015020679,WPG,Bryan,Little,1,19:52,20:00,9,,,517,52,#002654,0,8473412,Winnipeg Jets,5645716,WPG,356,00:08
2015020679,WPG,Bryan,Little,2,00:00,01:16,10,,,517,52,#002654,0,8473412,Winnipeg Jets,5645717,WPG,358,01:16
2015020679,WPG,Bryan,Little,2,03:41,04:43,11,,,517,52,#002654,0,8473412,Winnipeg Jets,5645718,WPG,364,01:02
2015020679,WPG,Bryan,Little,2,07:45,08:34,12,,,517,52,#002654,0,8473412,Winnipeg Jets,5645719,WPG,375,00:49
2015020679,WPG,Bryan,Little,2,11:32,12:34,13,,,517,52,#002654,0,8473412,Winnipeg Jets,5645720,WPG,382,01:02
2015020679,WPG,Bryan,Little,2,14:47,15:28,14,,,517,52,#002654,0,8473412,Winnipeg Jets,5645721,WPG,391,00:41
2015020679,WPG,Bryan,Little,2,18:21,18:48,15,,,517,52,#002654,0,8473412,Winnipeg Jets,5645722,WPG,400,00:27
2015020679,WPG,Bryan,Little,2,19:30,19:42,16,,,517,52,#002654,0,8473412,Winnipeg Jets,5645723,WPG,455,00:12
2015020679,WPG,Bryan,Little,3,00:00,00:50,17,,,517,52,#002654,0,8473412,Winnipeg Jets,5645724,WPG,458,00:50
2015020679,WPG,Bryan,Little,3,03:21,04:31,18,,,517,52,#002654,0,8473412,Winnipeg Jets,5646766,WPG,467,01:10
2015020679,WPG,Bryan,Little,3,06:32,07:13,19,,,517,52,#002654,0,8473412,Winnipeg Jets,5646767,WPG,480,00:41
2015020679,WPG,Bryan,Little,3,09:15,10:23,20,,,517,52,#002654,0,8473412,Winnipeg Jets,5646768,WPG,488,01:08
2015020679,WPG,Bryan,Little,3,11:28,12:16,21,,,517,52,#002654,0,8473412,Winnipeg Jets,5646769,WPG,494,00:48
2015020679,WPG,Bryan,Little,3,13:46,14:51,22,,,517,52,#002654,0,8473412,Winnipeg Jets,5646770,WPG,498,01:05
2015020679,WPG,Bryan,Little,3,15:21,16:46,23,,,517,52,#002654,0,8473412,Winnipeg Jets,5646771,WPG,652,01:25
2015020679,WPG,Bryan,Little,3,18:00,19:13,24,,,517,52,#002654,0,8473412,Winnipeg Jets,5646772,WPG,655,01:13
2015020679,WPG,Bryan,Little,3,19:18,20:00,25,,,517,52,#002654,0,8473412,Winnipeg Jets,5646773,WPG,659,00:42
2015020679,COL,Semyon,Varlamov,1,00:00,11:35,1,,,517,21,#75263D,0,8473575,Colorado Avalanche,5645725,COL,4,11:35
2015020679,COL,Semyon,Varlamov,1,11:39,20:00,2,,,517,21,#75263D,0,8473575,Colorado Avalanche,5645726,COL,179,08:21
2015020679,COL,Semyon,Varlamov,2,00:00,00:58,3,,,517,21,#75263D,0,8473575,Colorado Avalanche,5645727,COL,301,00:58
2015020679,COL,Semyon,Varlamov,2,01:16,20:00,4,,,517,21,#75263D,0,8473575,Colorado Avalanche,5645728,COL,305,18:44
2015020679,COL,Semyon,Varlamov,3,00:00,20:00,5,,,517,21,#75263D,0,8473575,Colorado Avalanche,5646774,COL,346,20:00
2015020679,WPG,Mathieu,Perreault,1,01:17,02:04,1,,,517,52,#002654,0,8473618,Winnipeg Jets,5645729,WPG,103,00:47
2015020679,WPG,Mathieu,Perreault,1,04:32,05:43,2,,,517,52,#002654,0,8473618,Winnipeg Jets,5645730,WPG,111,01:11
2015020679,WPG,Mathieu,Perreault,1,07:10,07:51,3,,,517,52,#002654,0,8473618,Winnipeg Jets,5645731,WPG,118,00:41
2015020679,WPG,Mathieu,Perreault,1,09:36,10:35,4,,,517,52,#002654,0,8473618,Winnipeg Jets,5645732,WPG,124,00:59
2015020679,WPG,Mathieu,Perreault,1,13:42,14:28,5,,,517,52,#002654,0,8473618,Winnipeg Jets,5645733,WPG,136,00:46
2015020679,WPG,Mathieu,Perreault,1,15:11,16:08,6,,,517,52,#002654,0,8473618,Winnipeg Jets,5645734,WPG,143,00:57
2015020679,WPG,Mathieu,Perreault,1,18:47,19:52,7,,,517,52,#002654,0,8473618,Winnipeg Jets,5645735,WPG,353,01:05
2015020679,WPG,Mathieu,Perreault,2,01:16,01:20,8,,,517,52,#002654,0,8473618,Winnipeg Jets,5645736,WPG,359,00:04
2015020679,WPG,Mathieu,Perreault,2,02:41,02:53,9,,,517,52,#002654,0,8473618,Winnipeg Jets,5645737,WPG,362,00:12
2015020679,WPG,Mathieu,Perreault,2,05:37,06:54,10,,,517,52,#002654,0,8473618,Winnipeg Jets,5645738,WPG,369,01:17
2015020679,WPG,Mathieu,Perreault,2,09:43,10:47,11,,,517,52,#002654,0,8473618,Winnipeg Jets,5645739,WPG,377,01:04
2015020679,WPG,Mathieu,Perreault,2,13:37,14:47,12,,,517,52,#002654,0,8473618,Winnipeg Jets,5645740,WPG,388,01:10
2015020679,WPG,Mathieu,Perreault,2,16:38,16:46,13,,,517,52,#002654,0,8473618,Winnipeg Jets,5645741,WPG,397,00:08
2015020679,WPG,Mathieu,Perreault,2,17:30,18:21,14,,,517,52,#002654,0,8473618,Winnipeg Jets,5645742,WPG,399,00:51
2015020679,WPG,Mathieu,Perreault,2,19:42,20:00,15,,,517,52,#002654,0,8473618,Winnipeg Jets,5645743,WPG,457,00:18
2015020679,WPG,Mathieu,Perreault,3,01:38,02:32,16,,,517,52,#002654,0,8473618,Winnipeg Jets,5646775,WPG,462,00:54
2015020679,WPG,Mathieu,Perreault,3,05:21,06:32,17,,,517,52,#002654,0,8473618,Winnipeg Jets,5646776,WPG,475,01:11
2015020679,WPG,Mathieu,Perreault,3,07:13,08:04,18,,,517,52,#002654,0,8473618,Winnipeg Jets,5646777,WPG,481,00:51
2015020679,WPG,Mathieu,Perreault,3,12:16,13:03,19,,,517,52,#002654,0,8473618,Winnipeg Jets,5646778,WPG,495,00:47
2015020679,WPG,Mathieu,Perreault,3,14:51,16:32,20,,,517,52,#002654,0,8473618,Winnipeg Jets,5646779,WPG,500,01:41
2015020679,WPG,Mathieu,Perreault,3,18:00,19:18,21,,,517,52,#002654,0,8473618,Winnipeg Jets,5646780,WPG,655,01:18
2015020679,WPG,Mathieu,Perreault,3,19:24,20:00,22,,,517,52,#002654,0,8473618,Winnipeg Jets,5646781,WPG,660,00:36
2015020679,WPG,Anthony,Peluso,1,02:04,02:28,1,,,517,52,#002654,0,8474061,Winnipeg Jets,5645744,WPG,106,00:24
2015020679,WPG,Anthony,Peluso,1,05:10,05:51,2,,,517,52,#002654,0,8474061,Winnipeg Jets,5645745,WPG,113,00:41
2015020679,WPG,Anthony,Peluso,1,10:35,11:03,3,,,517,52,#002654,0,8474061,Winnipeg Jets,5645746,WPG,126,00:28
2015020679,WPG,Anthony,Peluso,2,02:53,03:41,4,,,517,52,#002654,0,8474061,Winnipeg Jets,5645747,WPG,363,00:48
2015020679,WPG,Anthony,Peluso,2,06:22,07:41,5,,,517,52,#002654,0,8474061,Winnipeg Jets,5645748,WPG,371,01:19
2015020679,WPG,Anthony,Peluso,2,10:47,12:09,6,,,517,52,#002654,0,8474061,Winnipeg Jets,5645749,WPG,379,01:22
2015020679,WPG,Anthony,Peluso,3,02:16,03:21,7,,,517,52,#002654,0,8474061,Winnipeg Jets,5646782,WPG,463,01:05
2015020679,WPG,Anthony,Peluso,3,10:23,11:28,8,,,517,52,#002654,0,8474061,Winnipeg Jets,5646783,WPG,492,01:05
2015020679,WPG,Matt,Halischuk,1,00:33,01:17,1,,,517,52,#002654,0,8474094,Winnipeg Jets,5645750,WPG,101,00:44
2015020679,WPG,Matt,Halischuk,1,03:22,04:26,2,,,517,52,#002654,0,8474094,Winnipeg Jets,5645751,WPG,109,01:04
2015020679,WPG,Matt,Halischuk,1,08:26,09:32,3,,,517,52,#002654,0,8474094,Winnipeg Jets,5645752,WPG,120,01:06
2015020679,WPG,Matt,Halischuk,1,11:39,12:05,4,,,517,52,#002654,0,8474094,Winnipeg Jets,5645753,WPG,129,00:26
2015020679,WPG,Matt,Halischuk,1,12:49,13:08,5,,,517,52,#002654,0,8474094,Winnipeg Jets,5645754,WPG,132,00:19
2015020679,WPG,Matt,Halischuk,1,16:13,17:13,6,,,517,52,#002654,0,8474094,Winnipeg Jets,5645755,WPG,147,01:00
2015020679,WPG,Matt,Halischuk,1,18:03,18:47,7,,,517,52,#002654,0,8474094,Winnipeg Jets,5645756,WPG,351,00:44
2015020679,WPG,Matt,Halischuk,2,01:20,01:58,8,,,517,52,#002654,0,8474094,Winnipeg Jets,5645757,WPG,360,00:38
2015020679,WPG,Matt,Halischuk,2,04:43,05:37,9,,,517,52,#002654,0,8474094,Winnipeg Jets,5645758,WPG,365,00:54
2015020679,WPG,Matt,Halischuk,2,08:34,09:43,10,,,517,52,#002654,0,8474094,Winnipeg Jets,5645759,WPG,376,01:09
2015020679,WPG,Matt,Halischuk,2,12:45,13:37,11,,,517,52,#002654,0,8474094,Winnipeg Jets,5645760,WPG,386,00:52
2015020679,WPG,Matt,Halischuk,2,15:40,16:34,12,,,517,52,#002654,0,8474094,Winnipeg Jets,5645761,WPG,394,00:54
2015020679,WPG,Matt,Halischuk,2,16:46,17:30,13,,,517,52,#002654,0,8474094,Winnipeg Jets,5645762,WPG,398,00:44
2015020679,WPG,Matt,Halischuk,2,18:48,19:30,14,,,517,52,#002654,0,8474094,Winnipeg Jets,5645763,WPG,454,00:42
2015020679,WPG,Matt,Halischuk,3,00:50,01:38,15,,,517,52,#002654,0,8474094,Winnipeg Jets,5645764,WPG,459,00:48
2015020679,WPG,Matt,Halischuk,3,04:45,05:31,16,,,517,52,#002654,0,8474094,Winnipeg Jets,5646784,WPG,471,00:46
2015020679,WPG,Matt,Halischuk,3,07:56,08:44,17,,,517,52,#002654,0,8474094,Winnipeg Jets,5646785,WPG,484,00:48
2015020679,WPG,Matt,Halischuk,3,13:03,13:46,18,,,517,52,#002654,0,8474094,Winnipeg Jets,5646786,WPG,497,00:43
2015020679,COL,Nick,Holden,1,00:33,01:21,1,,,517,21,#75263D,0,8474207,Colorado Avalanche,5645765,COL,151,00:48
2015020679,COL,Nick,Holden,1,02:04,02:22,2,,,517,21,#75263D,0,8474207,Colorado Avalanche,5645766,COL,156,00:18
2015020679,COL,Nick,Holden,1,04:27,05:43,3,,,517,21,#75263D,0,8474207,Colorado Avalanche,5645767,COL,160,01:16
2015020679,COL,Nick,Holden,1,05:51,07:26,4,,,517,21,#75263D,0,8474207,Colorado Avalanche,5645768,COL,163,01:35
2015020679,COL,Nick,Holden,1,09:32,10:16,5,,,517,21,#75263D,0,8474207,Colorado Avalanche,5645769,COL,174,00:44
2015020679,COL,Nick,Holden,1,12:42,13:43,6,,,517,21,#75263D,0,8474207,Colorado Avalanche,5645770,COL,180,01:01
2015020679,COL,Nick,Holden,1,15:22,15:38,7,,,517,21,#75263D,0,8474207,Colorado Avalanche,5645771,COL,187,00:16
2015020679,COL,Nick,Holden,1,16:48,17:13,8,,,517,21,#75263D,0,8474207,Colorado Avalanche,5645772,COL,190,00:25
2015020679,COL,Nick,Holden,1,19:00,19:40,9,,,517,21,#75263D,0,8474207,Colorado Avalanche,5645773,COL,197,00:40
2015020679,COL,Nick,Holden,2,00:38,02:10,10,,,517,21,#75263D,0,8474207,Colorado Avalanche,5645774,COL,302,01:32
2015020679,COL,Nick,Holden,2,05:46,06:29,11,,,517,21,#75263D,0,8474207,Colorado Avalanche,5645775,COL,317,00:43
2015020679,COL,Nick,Holden,2,08:34,09:43,12,,,517,21,#75263D,0,8474207,Colorado Avalanche,5645776,COL,323,01:09
2015020679,COL,Nick,Holden,2,12:39,13:21,13,,,517,21,#75263D,0,8474207,Colorado Avalanche,5645777,COL,330,00:42
2015020679,COL,Nick,Holden,2,13:46,14:59,14,,,517,21,#75263D,0,8474207,Colorado Avalanche,5645778,COL,333,01:13
2015020679,COL,Nick,Holden,2,16:46,17:14,15,,,517,21,#75263D,0,8474207,Colorado Avalanche,5645779,COL,339,00:28
2015020679,COL,Nick,Holden,2,17:30,18:18,16,,,517,21,#75263D,0,8474207,Colorado Avalanche,5645780,COL,341,00:48
2015020679,COL,Nick,Holden,2,18:48,19:30,17,,,517,21,#75263D,0,8474207,Colorado Avalanche,5645781,COL,343,00:42
2015020679,COL,Nick,Holden,2,19:42,20:00,18,,,517,21,#75263D,0,8474207,Colorado Avalanche,5645782,COL,345,00:18
2015020679,COL,Nick,Holden,3,01:38,02:29,19,,,517,21,#75263D,0,8474207,Colorado Avalanche,5646787,COL,349,00:51
2015020679,COL,Nick,Holden,3,05:34,06:39,20,,,517,21,#75263D,0,8474207,Colorado Avalanche,5646788,COL,510,01:05
2015020679,COL,Nick,Holden,3,07:56,08:38,21,,,517,21,#75263D,0,8474207,Colorado Avalanche,5646789,COL,516,00:42
2015020679,COL,Nick,Holden,3,10:21,10:41,22,,,517,21,#75263D,0,8474207,Colorado Avalanche,5646790,COL,522,00:20
2015020679,COL,Nick,Holden,3,11:28,12:15,23,,,517,21,#75263D,0,8474207,Colorado Avalanche,5646791,COL,526,00:47
2015020679,COL,Nick,Holden,3,13:03,13:12,24,,,517,21,#75263D,0,8474207,Colorado Avalanche,5646792,COL,529,00:09
2015020679,COL,Nick,Holden,3,15:21,17:13,25,,,517,21,#75263D,0,8474207,Colorado Avalanche,5646793,COL,534,01:52
2015020679,COL,Nick,Holden,3,19:09,20:00,26,,,517,21,#75263D,0,8474207,Colorado Avalanche,5646794,COL,544,00:51
2015020679,WPG,Tyler,Myers,1,00:00,00:33,1,,,517,52,#002654,0,8474574,Winnipeg Jets,5645783,WPG,3,00:33
2015020679,WPG,Tyler,Myers,1,02:28,03:22,2,,,517,52,#002654,0,8474574,Winnipeg Jets,5645784,WPG,107,00:54
2015020679,WPG,Tyler,Myers,1,05:15,05:51,3,,,517,52,#002654,0,8474574,Winnipeg Jets,5645785,WPG,114,00:36
2015020679,WPG,Tyler,Myers,1,07:10,08:26,4,,,517,52,#002654,0,8474574,Winnipeg Jets,5645786,WPG,118,01:16
2015020679,WPG,Tyler,Myers,1,11:03,11:39,5,,,517,52,#002654,0,8474574,Winnipeg Jets,5645787,WPG,128,00:36
2015020679,WPG,Tyler,Myers,1,12:37,13:38,6,,,517,52,#002654,0,8474574,Winnipeg Jets,5645788,WPG,131,01:01
2015020679,WPG,Tyler,Myers,1,14:18,15:38,7,,,517,52,#002654,0,8474574,Winnipeg Jets,5645789,WPG,140,01:20
2015020679,WPG,Tyler,Myers,1,18:03,18:47,8,,,517,52,#002654,0,8474574,Winnipeg Jets,5645790,WPG,351,00:44
2015020679,WPG,Tyler,Myers,1,19:30,20:00,9,,,517,52,#002654,0,8474574,Winnipeg Jets,5645791,WPG,355,00:30
2015020679,WPG,Tyler,Myers,2,00:00,01:16,10,,,517,52,#002654,0,8474574,Winnipeg Jets,5645792,WPG,358,01:16
2015020679,WPG,Tyler,Myers,2,03:41,04:53,11,,,517,52,#002654,0,8474574,Winnipeg Jets,5645793,WPG,364,01:12
2015020679,WPG,Tyler,Myers,2,07:45,08:34,12,,,517,52,#002654,0,8474574,Winnipeg Jets,5645794,WPG,375,00:49
2015020679,WPG,Tyler,Myers,2,11:32,12:51,13,,,517,52,#002654,0,8474574,Winnipeg Jets,5645795,WPG,382,01:19
2015020679,WPG,Tyler,Myers,2,14:32,15:28,14,,,517,52,#002654,0,8474574,Winnipeg Jets,5645796,WPG,389,00:56
2015020679,WPG,Tyler,Myers,2,17:30,18:29,15,,,517,52,#002654,0,8474574,Winnipeg Jets,5645797,WPG,399,00:59
2015020679,WPG,Tyler,Myers,2,19:30,20:00,16,,,517,52,#002654,0,8474574,Winnipeg Jets,5645798,WPG,455,00:30
2015020679,WPG,Tyler,Myers,3,00:00,01:10,17,,,517,52,#002654,0,8474574,Winnipeg Jets,5645799,WPG,458,01:10
2015020679,WPG,Tyler,Myers,3,04:02,05:00,18,,,517,52,#002654,0,8474574,Winnipeg Jets,5646795,WPG,469,00:58
2015020679,WPG,Tyler,Myers,3,05:21,06:25,19,,,517,52,#002654,0,8474574,Winnipeg Jets,5646796,WPG,475,01:04
2015020679,WPG,Tyler,Myers,3,07:13,08:04,20,,,517,52,#002654,0,8474574,Winnipeg Jets,5646797,WPG,481,00:51
2015020679,WPG,Tyler,Myers,3,09:38,10:32,21,,,517,52,#002654,0,8474574,Winnipeg Jets,5646798,WPG,491,00:54
2015020679,WPG,Tyler,Myers,3,12:19,13:03,22,,,517,52,#002654,0,8474574,Winnipeg Jets,5646799,WPG,496,00:44
2015020679,WPG,Tyler,Myers,3,13:52,14:51,23,,,517,52,#002654,0,8474574,Winnipeg Jets,5646800,WPG,499,00:59
2015020679,WPG,Tyler,Myers,3,16:32,18:06,24,,,517,52,#002654,0,8474574,Winnipeg Jets,5646801,WPG,653,01:34
2015020679,WPG,Tyler,Myers,3,19:13,20:00,25,,,517,52,#002654,0,8474574,Winnipeg Jets,5646802,WPG,658,00:47
2015020679,COL,Zach,Redmond,1,02:22,02:28,1,,,517,21,#75263D,0,8474743,Colorado Avalanche,5645800,COL,157,00:06
2015020679,COL,Zach,Redmond,1,03:20,04:27,2,,,517,21,#75263D,0,8474743,Colorado Avalanche,5645801,COL,159,01:07
2015020679,COL,Zach,Redmond,1,08:48,09:32,3,,,517,21,#75263D,0,8474743,Colorado Avalanche,5645802,COL,172,00:44
2015020679,COL,Zach,Redmond,1,10:16,11:03,4,,,517,21,#75263D,0,8474743,Colorado Avalanche,5645803,COL,175,00:47
2015020679,COL,Zach,Redmond,1,15:38,16:48,5,,,517,21,#75263D,0,8474743,Colorado Avalanche,5645804,COL,188,01:10
2015020679,COL,Zach,Redmond,1,18:19,19:00,6,,,517,21,#75263D,0,8474743,Colorado Avalanche,5645805,COL,194,00:41
2015020679,COL,Zach,Redmond,2,02:53,04:02,7,,,517,21,#75263D,0,8474743,Colorado Avalanche,5645806,COL,310,01:09
2015020679,COL,Zach,Redmond,2,05:03,05:46,8,,,517,21,#75263D,0,8474743,Colorado Avalanche,5645807,COL,315,00:43
2015020679,COL,Zach,Redmond,2,06:29,07:01,9,,,517,21,#75263D,0,8474743,Colorado Avalanche,5645808,COL,318,00:32
2015020679,COL,Zach,Redmond,2,10:47,11:45,10,,,517,21,#75263D,0,8474743,Colorado Avalanche,5645809,COL,326,00:58
2015020679,COL,Zach,Redmond,2,16:08,16:46,11,,,517,21,#75263D,0,8474743,Colorado Avalanche,5645810,COL,337,00:38
2015020679,COL,Zach,Redmond,2,17:14,17:30,12,,,517,21,#75263D,0,8474743,Colorado Avalanche,5645811,COL,340,00:16
2015020679,COL,Zach,Redmond,3,00:52,01:38,13,,,517,21,#75263D,0,8474743,Colorado Avalanche,5645812,COL,347,00:46
2015020679,COL,Zach,Redmond,3,02:29,03:59,14,,,517,21,#75263D,0,8474743,Colorado Avalanche,5646803,COL,350,01:30
2015020679,COL,Zach,Redmond,3,04:50,05:34,15,,,517,21,#75263D,0,8474743,Colorado Avalanche,5646804,COL,507,00:44
2015020679,COL,Zach,Redmond,3,13:12,15:00,16,,,517,21,#75263D,0,8474743,Colorado Avalanche,5646805,COL,530,01:48
2015020679,COL,Zach,Redmond,3,17:13,18:04,17,,,517,21,#75263D,0,8474743,Colorado Avalanche,5646806,COL,539,00:51
2015020679,COL,Matt,Duchene,1,00:00,00:33,1,,,517,21,#75263D,0,8475168,Colorado Avalanche,5645813,COL,4,00:33
2015020679,COL,Matt,Duchene,1,02:28,03:20,2,,,517,21,#75263D,0,8475168,Colorado Avalanche,5645814,COL,158,00:52
2015020679,COL,Matt,Duchene,1,07:51,08:33,3,,,517,21,#75263D,0,8475168,Colorado Avalanche,5645815,COL,169,00:42
2015020679,COL,Matt,Duchene,1,11:03,11:39,4,,,517,21,#75263D,0,8475168,Colorado Avalanche,5645816,COL,177,00:36
2015020679,COL,Matt,Duchene,1,12:42,13:40,5,,,517,21,#75263D,0,8475168,Colorado Avalanche,5645817,COL,180,00:58
2015020679,COL,Matt,Duchene,1,14:50,15:38,6,,,517,21,#75263D,0,8475168,Colorado Avalanche,5645818,COL,185,00:48
2015020679,COL,Matt,Duchene,1,18:32,19:29,7,,,517,21,#75263D,0,8475168,Colorado Avalanche,5645819,COL,195,00:57
2015020679,COL,Matt,Duchene,2,00:00,01:16,8,,,517,21,#75263D,0,8475168,Colorado Avalanche,5645820,COL,301,01:16
2015020679,COL,Matt,Duchene,2,03:44,04:45,9,,,517,21,#75263D,0,8475168,Colorado Avalanche,5645821,COL,311,01:01
2015020679,COL,Matt,Duchene,2,07:13,08:34,10,,,517,21,#75263D,0,8475168,Colorado Avalanche,5645822,COL,321,01:21
2015020679,COL,Matt,Duchene,2,11:12,12:39,11,,,517,21,#75263D,0,8475168,Colorado Avalanche,5645823,COL,327,01:27
2015020679,COL,Matt,Duchene,2,15:44,16:39,12,,,517,21,#75263D,0,8475168,Colorado Avalanche,5645824,COL,336,00:55
2015020679,COL,Matt,Duchene,2,18:48,19:30,13,,,517,21,#75263D,0,8475168,Colorado Avalanche,5645825,COL,343,00:42
2015020679,COL,Matt,Duchene,3,00:00,01:05,14,,,517,21,#75263D,0,8475168,Colorado Avalanche,5645826,COL,346,01:05
2015020679,COL,Matt,Duchene,3,03:13,04:31,15,,,517,21,#75263D,0,8475168,Colorado Avalanche,5646807,COL,502,01:18
2015020679,COL,Matt,Duchene,3,07:56,09:08,16,,,517,21,#75263D,0,8475168,Colorado Avalanche,5646808,COL,516,01:12
2015020679,COL,Matt,Duchene,3,09:34,10:32,17,,,517,21,#75263D,0,8475168,Colorado Avalanche,5646809,COL,520,00:58
2015020679,COL,Matt,Duchene,3,12:19,13:03,18,,,517,21,#75263D,0,8475168,Colorado Avalanche,5646810,COL,528,00:44
2015020679,COL,Matt,Duchene,3,17:30,19:09,19,,,517,21,#75263D,0,8475168,Colorado Avalanche,5646811,COL,541,01:39
2015020679,COL,Tyson,Barrie,1,00:33,01:27,1,,,517,21,#75263D,0,8475197,Colorado Avalanche,5645827,COL,151,00:54
2015020679,COL,Tyson,Barrie,1,02:04,02:28,2,,,517,21,#75263D,0,8475197,Colorado Avalanche,5645828,COL,156,00:24
2015020679,COL,Tyson,Barrie,1,04:27,05:43,3,,,517,21,#75263D,0,8475197,Colorado Avalanche,5645829,COL,160,01:16
2015020679,COL,Tyson,Barrie,1,07:26,07:51,4,,,517,21,#75263D,0,8475197,Colorado Avalanche,5645830,COL,167,00:25
2015020679,COL,Tyson,Barrie,1,09:32,10:16,5,,,517,21,#75263D,0,8475197,Colorado Avalanche,5645831,COL,174,00:44
2015020679,COL,Tyson,Barrie,1,12:42,13:43,6,,,517,21,#75263D,0,8475197,Colorado Avalanche,5645832,COL,180,01:01
2015020679,COL,Tyson,Barrie,1,15:20,15:38,7,,,517,21,#75263D,0,8475197,Colorado Avalanche,5645833,COL,186,00:18
2015020679,COL,Tyson,Barrie,1,16:48,17:22,8,,,517,21,#75263D,0,8475197,Colorado Avalanche,5645834,COL,190,00:34
2015020679,COL,Tyson,Barrie,1,19:00,19:40,9,,,517,21,#75263D,0,8475197,Colorado Avalanche,5645835,COL,197,00:40
2015020679,COL,Tyson,Barrie,2,00:38,02:10,10,,,517,21,#75263D,0,8475197,Colorado Avalanche,5645836,COL,302,01:32
2015020679,COL,Tyson,Barrie,2,05:46,06:29,11,,,517,21,#75263D,0,8475197,Colorado Avalanche,5645837,COL,317,00:43
2015020679,COL,Tyson,Barrie,2,08:34,09:43,12,,,517,21,#75263D,0,8475197,Colorado Avalanche,5645838,COL,323,01:09
2015020679,COL,Tyson,Barrie,2,12:39,14:59,13,,,517,21,#75263D,0,8475197,Colorado Avalanche,5645839,COL,330,02:20
2015020679,COL,Tyson,Barrie,2,16:46,17:14,14,,,517,21,#75263D,0,8475197,Colorado Avalanche,5645840,COL,339,00:28
2015020679,COL,Tyson,Barrie,2,17:30,18:18,15,,,517,21,#75263D,0,8475197,Colorado Avalanche,5645841,COL,341,00:48
2015020679,COL,Tyson,Barrie,2,18:48,19:42,16,,,517,21,#75263D,0,8475197,Colorado Avalanche,5645842,COL,343,00:54
2015020679,COL,Tyson,Barrie,3,01:38,02:29,17,,,517,21,#75263D,0,8475197,Colorado Avalanche,5646812,COL,349,00:51
2015020679,COL,Tyson,Barrie,3,05:34,06:39,18,,,517,21,#75263D,0,8475197,Colorado Avalanche,5646813,COL,510,01:05
2015020679,COL,Tyson,Barrie,3,07:44,08:38,19,,,517,21,#75263D,0,8475197,Colorado Avalanche,5646814,COL,514,00:54
2015020679,COL,Tyson,Barrie,3,10:21,10:41,20,,,517,21,#75263D,0,8475197,Colorado Avalanche,5646815,COL,522,00:20
2015020679,COL,Tyson,Barrie,3,11:24,12:19,21,,,517,21,#75263D,0,8475197,Colorado Avalanche,5646816,COL,525,00:55
2015020679,COL,Tyson,Barrie,3,13:03,13:12,22,,,517,21,#75263D,0,8475197,Colorado Avalanche,5646817,COL,529,00:09
2015020679,COL,Tyson,Barrie,3,15:00,15:21,23,,,517,21,#75263D,0,8475197,Colorado Avalanche,5646818,COL,533,00:21
2015020679,COL,Tyson,Barrie,3,17:21,17:30,24,,,517,21,#75263D,0,8475197,Colorado Avalanche,5646819,COL,540,00:09
2015020679,COL,Tyson,Barrie,3,18:04,19:09,25,,,517,21,#75263D,0,8475197,Colorado Avalanche,5646820,COL,542,01:05
2015020679,WPG,Ben,Chiarot,1,01:29,02:28,1,,,517,52,#002654,0,8475279,Winnipeg Jets,5645843,WPG,104,00:59
2015020679,WPG,Ben,Chiarot,1,08:30,09:56,2,,,517,52,#002654,0,8475279,Winnipeg Jets,5645844,WPG,121,01:26
2015020679,WPG,Ben,Chiarot,1,10:49,11:03,3,,,517,52,#002654,0,8475279,Winnipeg Jets,5645845,WPG,127,00:14
2015020679,WPG,Ben,Chiarot,1,15:38,16:16,4,,,517,52,#002654,0,8475279,Winnipeg Jets,5645846,WPG,145,00:38
2015020679,WPG,Ben,Chiarot,2,01:16,01:20,5,,,517,52,#002654,0,8475279,Winnipeg Jets,5645847,WPG,359,00:04
2015020679,WPG,Ben,Chiarot,2,02:41,03:41,6,,,517,52,#002654,0,8475279,Winnipeg Jets,5645848,WPG,362,01:00
2015020679,WPG,Ben,Chiarot,2,06:22,07:45,7,,,517,52,#002654,0,8475279,Winnipeg Jets,5645849,WPG,371,01:23
2015020679,WPG,Ben,Chiarot,2,08:34,09:43,8,,,517,52,#002654,0,8475279,Winnipeg Jets,5645850,WPG,376,01:09
2015020679,WPG,Ben,Chiarot,2,11:02,12:09,9,,,517,52,#002654,0,8475279,Winnipeg Jets,5645851,WPG,380,01:07
2015020679,WPG,Ben,Chiarot,2,13:37,14:51,10,,,517,52,#002654,0,8475279,Winnipeg Jets,5645852,WPG,388,01:14
2015020679,WPG,Ben,Chiarot,3,01:10,01:38,11,,,517,52,#002654,0,8475279,Winnipeg Jets,5645853,WPG,461,00:28
2015020679,WPG,Ben,Chiarot,3,02:38,04:02,12,,,517,52,#002654,0,8475279,Winnipeg Jets,5646821,WPG,466,01:24
2015020679,WPG,Ben,Chiarot,3,09:25,09:38,13,,,517,52,#002654,0,8475279,Winnipeg Jets,5646822,WPG,490,00:13
2015020679,WPG,Ben,Chiarot,3,11:28,12:16,14,,,517,52,#002654,0,8475279,Winnipeg Jets,5646823,WPG,494,00:48
2015020679,COL,Chris,Wagner,1,01:27,02:04,1,,,517,21,#75263D,0,8475780,Colorado Avalanche,5645854,COL,154,00:37
2015020679,COL,Chris,Wagner,1,03:20,04:55,2,,,517,21,#75263D,0,8475780,Colorado Avalanche,5645855,COL,159,01:35
2015020679,COL,Chris,Wagner,1,08:27,09:32,3,,,517,21,#75263D,0,8475780,Colorado Avalanche,5645856,COL,170,01:05
2015020679,COL,Chris,Wagner,1,15:38,16:48,4,,,517,21,#75263D,0,8475780,Colorado Avalanche,5645857,COL,188,01:10
2015020679,COL,Chris,Wagner,2,01:16,01:20,5,,,517,21,#75263D,0,8475780,Colorado Avalanche,5645858,COL,305,00:04
2015020679,COL,Chris,Wagner,2,02:53,03:44,6,,,517,21,#75263D,0,8475780,Colorado Avalanche,5645859,COL,310,00:51
2015020679,COL,Chris,Wagner,2,05:39,06:29,7,,,517,21,#75263D,0,8475780,Colorado Avalanche,5645860,COL,316,00:50
2015020679,COL,Chris,Wagner,2,09:43,10:47,8,,,517,21,#75263D,0,8475780,Colorado Avalanche,5645861,COL,324,01:04
2015020679,COL,Chris,Wagner,2,13:37,14:48,9,,,517,21,#75263D,0,8475780,Colorado Avalanche,5645862,COL,332,01:11
2015020679,COL,Chris,Wagner,2,17:30,18:18,10,,,517,21,#75263D,0,8475780,Colorado Avalanche,5645863,COL,341,00:48
2015020679,COL,Chris,Wagner,3,01:05,01:38,11,,,517,21,#75263D,0,8475780,Colorado Avalanche,5645864,COL,348,00:33
2015020679,COL,Chris,Wagner,3,04:31,05:18,12,,,517,21,#75263D,0,8475780,Colorado Avalanche,5646824,COL,506,00:47
2015020679,COL,Chris,Wagner,3,09:25,09:34,13,,,517,21,#75263D,0,8475780,Colorado Avalanche,5646825,COL,519,00:09
2015020679,COL,Chris,Wagner,3,10:21,10:41,14,,,517,21,#75263D,0,8475780,Colorado Avalanche,5646826,COL,522,00:20
2015020679,COL,Chris,Wagner,3,15:00,15:21,15,,,517,21,#75263D,0,8475780,Colorado Avalanche,5646827,COL,533,00:21
2015020679,WPG,Alexander,Burmistrov,1,00:33,01:17,1,,,517,52,#002654,0,8475788,Winnipeg Jets,5645865,WPG,101,00:44
2015020679,WPG,Alexander,Burmistrov,1,03:22,04:32,2,,,517,52,#002654,0,8475788,Winnipeg Jets,5645866,WPG,109,01:10
2015020679,WPG,Alexander,Burmistrov,1,08:26,09:36,3,,,517,52,#002654,0,8475788,Winnipeg Jets,5645867,WPG,120,01:10
2015020679,WPG,Alexander,Burmistrov,1,11:39,12:05,4,,,517,52,#002654,0,8475788,Winnipeg Jets,5645868,WPG,129,00:26
2015020679,WPG,Alexander,Burmistrov,1,12:37,13:08,5,,,517,52,#002654,0,8475788,Winnipeg Jets,5645869,WPG,131,00:31
2015020679,WPG,Alexander,Burmistrov,1,16:08,17:13,6,,,517,52,#002654,0,8475788,Winnipeg Jets,5645870,WPG,146,01:05
2015020679,WPG,Alexander,Burmistrov,1,18:18,18:47,7,,,517,52,#002654,0,8475788,Winnipeg Jets,5645871,WPG,352,00:29
2015020679,WPG,Alexander,Burmistrov,2,01:20,02:41,8,,,517,52,#002654,0,8475788,Winnipeg Jets,5645872,WPG,360,01:21
2015020679,WPG,Alexander,Burmistrov,2,04:43,05:37,9,,,517,52,#002654,0,8475788,Winnipeg Jets,5645873,WPG,365,00:54
2015020679,WPG,Alexander,Burmistrov,2,08:34,09:43,10,,,517,52,#002654,0,8475788,Winnipeg Jets,5645874,WPG,376,01:09
2015020679,WPG,Alexander,Burmistrov,2,12:34,13:37,11,,,517,52,#002654,0,8475788,Winnipeg Jets,5645875,WPG,384,01:03
2015020679,WPG,Alexander,Burmistrov,2,15:28,16:38,12,,,517,52,#002654,0,8475788,Winnipeg Jets,5645876,WPG,393,01:10
2015020679,WPG,Alexander,Burmistrov,2,16:46,17:30,13,,,517,52,#002654,0,8475788,Winnipeg Jets,5645877,WPG,398,00:44
2015020679,WPG,Alexander,Burmistrov,2,18:48,19:30,14,,,517,52,#002654,0,8475788,Winnipeg Jets,5645878,WPG,454,00:42
2015020679,WPG,Alexander,Burmistrov,3,00:50,01:38,15,,,517,52,#002654,0,8475788,Winnipeg Jets,5645879,WPG,459,00:48
2015020679,WPG,Alexander,Burmistrov,3,04:31,05:21,16,,,517,52,#002654,0,8475788,Winnipeg Jets,5646828,WPG,470,00:50
2015020679,WPG,Alexander,Burmistrov,3,08:04,09:15,17,,,517,52,#002654,0,8475788,Winnipeg Jets,5646829,WPG,485,01:11
2015020679,WPG,Alexander,Burmistrov,3,13:03,13:46,18,,,517,52,#002654,0,8475788,Winnipeg Jets,5646830,WPG,497,00:43
2015020679,WPG,Alexander,Burmistrov,3,16:46,18:00,19,,,517,52,#002654,0,8475788,Winnipeg Jets,5646831,WPG,654,01:14
2015020679,COL,Gabriel,Landeskog,1,00:33,01:17,1,,,517,21,#75263D,0,8476455,Colorado Avalanche,5645880,COL,151,00:44
2015020679,COL,Gabriel,Landeskog,1,04:27,05:43,2,,,517,21,#75263D,0,8476455,Colorado Avalanche,5645881,COL,160,01:16
2015020679,COL,Gabriel,Landeskog,1,09:32,10:39,3,,,517,21,#75263D,0,8476455,Colorado Avalanche,5645882,COL,174,01:07
2015020679,COL,Gabriel,Landeskog,1,12:42,13:43,4,,,517,21,#75263D,0,8476455,Colorado Avalanche,5645883,COL,180,01:01
2015020679,COL,Gabriel,Landeskog,1,16:06,16:57,5,,,517,21,#75263D,0,8476455,Colorado Avalanche,5645884,COL,189,00:51
2015020679,COL,Gabriel,Landeskog,1,17:13,18:50,6,,,517,21,#75263D,0,8476455,Colorado Avalanche,5645885,COL,192,01:37
2015020679,COL,Gabriel,Landeskog,2,00:46,01:16,7,,,517,21,#75263D,0,8476455,Colorado Avalanche,5645886,COL,303,00:30
2015020679,COL,Gabriel,Landeskog,2,01:20,02:10,8,,,517,21,#75263D,0,8476455,Colorado Avalanche,5645887,COL,306,00:50
2015020679,COL,Gabriel,Landeskog,2,04:49,05:39,9,,,517,21,#75263D,0,8476455,Colorado Avalanche,5645888,COL,314,00:50
2015020679,COL,Gabriel,Landeskog,2,08:34,09:43,10,,,517,21,#75263D,0,8476455,Colorado Avalanche,5645889,COL,323,01:09
2015020679,COL,Gabriel,Landeskog,2,12:39,13:37,11,,,517,21,#75263D,0,8476455,Colorado Avalanche,5645890,COL,330,00:58
2015020679,COL,Gabriel,Landeskog,2,16:39,17:30,12,,,517,21,#75263D,0,8476455,Colorado Avalanche,5645891,COL,338,00:51
2015020679,COL,Gabriel,Landeskog,2,18:48,19:30,13,,,517,21,#75263D,0,8476455,Colorado Avalanche,5645892,COL,343,00:42
2015020679,COL,Gabriel,Landeskog,3,01:38,02:29,14,,,517,21,#75263D,0,8476455,Colorado Avalanche,5646832,COL,349,00:51
2015020679,COL,Gabriel,Landeskog,3,05:12,06:26,15,,,517,21,#75263D,0,8476455,Colorado Avalanche,5646833,COL,508,01:14
2015020679,COL,Gabriel,Landeskog,3,09:08,09:25,16,,,517,21,#75263D,0,8476455,Colorado Avalanche,5646834,COL,518,00:17
2015020679,COL,Gabriel,Landeskog,3,10:41,11:28,17,,,517,21,#75263D,0,8476455,Colorado Avalanche,5646835,COL,524,00:47
2015020679,COL,Gabriel,Landeskog,3,13:03,13:50,18,,,517,21,#75263D,0,8476455,Colorado Avalanche,5646836,COL,529,00:47
2015020679,COL,Gabriel,Landeskog,3,16:00,16:30,19,,,517,21,#75263D,0,8476455,Colorado Avalanche,5646837,COL,535,00:30
2015020679,COL,Gabriel,Landeskog,3,19:18,20:00,20,,,517,21,#75263D,0,8476455,Colorado Avalanche,5646838,COL,545,00:42
2015020679,WPG,Joel,Armia,1,01:17,02:04,1,,,517,52,#002654,0,8476469,Winnipeg Jets,5645893,WPG,103,00:47
2015020679,WPG,Joel,Armia,1,04:32,05:23,2,,,517,52,#002654,0,8476469,Winnipeg Jets,5645894,WPG,111,00:51
2015020679,WPG,Joel,Armia,1,07:10,07:51,3,,,517,52,#002654,0,8476469,Winnipeg Jets,5645895,WPG,118,00:41
2015020679,WPG,Joel,Armia,1,09:27,10:35,4,,,517,52,#002654,0,8476469,Winnipeg Jets,5645896,WPG,122,01:08
2015020679,WPG,Joel,Armia,1,14:10,14:28,5,,,517,52,#002654,0,8476469,Winnipeg Jets,5645897,WPG,138,00:18
2015020679,WPG,Joel,Armia,1,15:17,16:16,6,,,517,52,#002654,0,8476469,Winnipeg Jets,5645898,WPG,144,00:59
2015020679,WPG,Joel,Armia,1,18:55,19:55,7,,,517,52,#002654,0,8476469,Winnipeg Jets,5645899,WPG,354,01:00
2015020679,WPG,Joel,Armia,2,01:16,01:20,8,,,517,52,#002654,0,8476469,Winnipeg Jets,5645900,WPG,359,00:04
2015020679,WPG,Joel,Armia,2,01:58,02:41,9,,,517,52,#002654,0,8476469,Winnipeg Jets,5645901,WPG,361,00:43
2015020679,WPG,Joel,Armia,2,05:55,06:37,10,,,517,52,#002654,0,8476469,Winnipeg Jets,5645902,WPG,370,00:42
2015020679,WPG,Joel,Armia,2,09:43,10:28,11,,,517,52,#002654,0,8476469,Winnipeg Jets,5645903,WPG,377,00:45
2015020679,WPG,Joel,Armia,2,13:37,14:47,12,,,517,52,#002654,0,8476469,Winnipeg Jets,5645904,WPG,388,01:10
2015020679,WPG,Joel,Armia,2,16:27,16:46,13,,,517,52,#002654,0,8476469,Winnipeg Jets,5645905,WPG,395,00:19
2015020679,WPG,Joel,Armia,2,17:30,18:25,14,,,517,52,#002654,0,8476469,Winnipeg Jets,5645906,WPG,399,00:55
2015020679,WPG,Joel,Armia,2,19:42,20:00,15,,,517,52,#002654,0,8476469,Winnipeg Jets,5645907,WPG,457,00:18
2015020679,WPG,Joel,Armia,3,19:18,19:18,0,EVG,"Mathieu Perreault, Nikolaj Ehlers",505,52,#041E42,803,8476469,Winnipeg Jets,5646281,WPG,629,
2015020679,WPG,Joel,Armia,3,01:38,02:16,16,,,517,52,#002654,0,8476469,Winnipeg Jets,5646839,WPG,462,00:38
2015020679,WPG,Joel,Armia,3,05:36,06:32,17,,,517,52,#002654,0,8476469,Winnipeg Jets,5646840,WPG,477,00:56
2015020679,WPG,Joel,Armia,3,07:13,07:49,18,,,517,52,#002654,0,8476469,Winnipeg Jets,5646841,WPG,481,00:36
2015020679,WPG,Joel,Armia,3,12:19,13:03,19,,,517,52,#002654,0,8476469,Winnipeg Jets,5646842,WPG,496,00:44
2015020679,WPG,Joel,Armia,3,14:51,15:21,20,,,517,52,#002654,0,8476469,Winnipeg Jets,5646843,WPG,500,00:30
2015020679,WPG,Joel,Armia,3,16:46,18:06,21,,,517,52,#002654,0,8476469,Winnipeg Jets,5646844,WPG,654,01:20
2015020679,WPG,Joel,Armia,3,19:13,19:18,22,,,517,52,#002654,0,8476469,Winnipeg Jets,5646845,WPG,658,00:05
2015020679,WPG,Jacob,Trouba,1,00:33,01:29,1,,,517,52,#002654,0,8476885,Winnipeg Jets,5645908,WPG,101,00:56
2015020679,WPG,Jacob,Trouba,1,03:11,05:02,2,,,517,52,#002654,0,8476885,Winnipeg Jets,5645909,WPG,108,01:51
2015020679,WPG,Jacob,Trouba,1,05:51,07:10,3,,,517,52,#002654,0,8476885,Winnipeg Jets,5645910,WPG,117,01:19
2015020679,WPG,Jacob,Trouba,1,08:26,08:30,4,,,517,52,#002654,0,8476885,Winnipeg Jets,5645911,WPG,120,00:04
2015020679,WPG,Jacob,Trouba,1,09:56,10:49,5,,,517,52,#002654,0,8476885,Winnipeg Jets,5645912,WPG,125,00:53
2015020679,WPG,Jacob,Trouba,1,11:39,12:37,6,,,517,52,#002654,0,8476885,Winnipeg Jets,5645913,WPG,129,00:58
2015020679,WPG,Jacob,Trouba,1,13:42,14:13,7,,,517,52,#002654,0,8476885,Winnipeg Jets,5645914,WPG,136,00:31
2015020679,WPG,Jacob,Trouba,1,16:13,18:01,8,,,517,52,#002654,0,8476885,Winnipeg Jets,5645915,WPG,147,01:48
2015020679,WPG,Jacob,Trouba,1,18:47,19:30,9,,,517,52,#002654,0,8476885,Winnipeg Jets,5645916,WPG,353,00:43
2015020679,WPG,Jacob,Trouba,2,01:20,02:41,10,,,517,52,#002654,0,8476885,Winnipeg Jets,5645917,WPG,360,01:21
2015020679,WPG,Jacob,Trouba,2,04:53,06:22,11,,,517,52,#002654,0,8476885,Winnipeg Jets,5645918,WPG,367,01:29
2015020679,WPG,Jacob,Trouba,2,09:43,11:02,12,,,517,52,#002654,0,8476885,Winnipeg Jets,5645919,WPG,377,01:19
2015020679,WPG,Jacob,Trouba,2,12:51,13:37,13,,,517,52,#002654,0,8476885,Winnipeg Jets,5645920,WPG,387,00:46
2015020679,WPG,Jacob,Trouba,2,15:28,17:30,14,,,517,52,#002654,0,8476885,Winnipeg Jets,5645921,WPG,393,02:02
2015020679,WPG,Jacob,Trouba,2,18:29,19:30,15,,,517,52,#002654,0,8476885,Winnipeg Jets,5645922,WPG,452,01:01
2015020679,WPG,Jacob,Trouba,3,01:38,02:38,16,,,517,52,#002654,0,8476885,Winnipeg Jets,5646846,WPG,462,01:00
2015020679,WPG,Jacob,Trouba,3,05:00,05:21,17,,,517,52,#002654,0,8476885,Winnipeg Jets,5646847,WPG,473,00:21
2015020679,WPG,Jacob,Trouba,3,06:25,07:13,18,,,517,52,#002654,0,8476885,Winnipeg Jets,5646848,WPG,479,00:48
2015020679,WPG,Jacob,Trouba,3,08:04,09:19,19,,,517,52,#002654,0,8476885,Winnipeg Jets,5646849,WPG,485,01:15
2015020679,WPG,Jacob,Trouba,3,10:32,11:28,20,,,517,52,#002654,0,8476885,Winnipeg Jets,5646850,WPG,493,00:56
2015020679,WPG,Jacob,Trouba,3,13:03,13:52,21,,,517,52,#002654,0,8476885,Winnipeg Jets,5646851,WPG,497,00:49
2015020679,WPG,Jacob,Trouba,3,14:51,15:21,22,,,517,52,#002654,0,8476885,Winnipeg Jets,5646852,WPG,500,00:30
2015020679,WPG,Jacob,Trouba,3,18:06,19:18,23,,,517,52,#002654,0,8476885,Winnipeg Jets,5646853,WPG,656,01:12
2015020679,WPG,Connor,Hellebuyck,1,00:00,20:00,1,,,517,52,#002654,0,8476945,Winnipeg Jets,5645923,WPG,3,20:00
2015020679,WPG,Connor,Hellebuyck,2,00:00,20:00,2,,,517,52,#002654,0,8476945,Winnipeg Jets,5645924,WPG,358,20:00
2015020679,WPG,Connor,Hellebuyck,3,00:00,15:14,3,,,517,52,#002654,0,8476945,Winnipeg Jets,5646854,WPG,458,15:14
2015020679,WPG,Connor,Hellebuyck,3,15:21,18:00,4,,,517,52,#002654,0,8476945,Winnipeg Jets,5646855,WPG,652,02:39
2015020679,WPG,Connor,Hellebuyck,3,19:18,19:24,5,,,517,52,#002654,0,8476945,Winnipeg Jets,5646856,WPG,659,00:06
2015020679,WPG,JC,Lipon,1,01:55,02:28,1,,,517,52,#002654,0,8477076,Winnipeg Jets,5645925,WPG,105,00:33
2015020679,WPG,JC,Lipon,1,05:23,05:51,2,,,517,52,#002654,0,8477076,Winnipeg Jets,5645926,WPG,115,00:28
2015020679,WPG,JC,Lipon,1,10:35,11:03,3,,,517,52,#002654,0,8477076,Winnipeg Jets,5645927,WPG,126,00:28
2015020679,WPG,JC,Lipon,2,02:41,03:41,4,,,517,52,#002654,0,8477076,Winnipeg Jets,5645928,WPG,362,01:00
2015020679,WPG,JC,Lipon,2,06:37,07:41,5,,,517,52,#002654,0,8477076,Winnipeg Jets,5645929,WPG,372,01:04
2015020679,WPG,JC,Lipon,2,10:28,11:32,6,,,517,52,#002654,0,8477076,Winnipeg Jets,5645930,WPG,378,01:04
2015020679,WPG,JC,Lipon,3,02:18,03:47,7,,,517,52,#002654,0,8477076,Winnipeg Jets,5646857,WPG,464,01:29
2015020679,WPG,JC,Lipon,3,10:23,11:28,8,,,517,52,#002654,0,8477076,Winnipeg Jets,5646858,WPG,492,01:05
2015020679,WPG,Andrew,Copp,1,02:04,02:28,1,,,517,52,#002654,0,8477429,Winnipeg Jets,5645931,WPG,106,00:24
2015020679,WPG,Andrew,Copp,1,05:43,05:51,2,,,517,52,#002654,0,8477429,Winnipeg Jets,5645932,WPG,116,00:08
2015020679,WPG,Andrew,Copp,1,10:35,11:03,3,,,517,52,#002654,0,8477429,Winnipeg Jets,5645933,WPG,126,00:28
2015020679,WPG,Andrew,Copp,1,13:08,14:10,4,,,517,52,#002654,0,8477429,Winnipeg Jets,5645934,WPG,133,01:02
2015020679,WPG,Andrew,Copp,2,02:53,03:41,5,,,517,52,#002654,0,8477429,Winnipeg Jets,5645935,WPG,363,00:48
2015020679,WPG,Andrew,Copp,2,06:54,07:45,6,,,517,52,#002654,0,8477429,Winnipeg Jets,5645936,WPG,373,00:51
2015020679,WPG,Andrew,Copp,2,10:47,11:32,7,,,517,52,#002654,0,8477429,Winnipeg Jets,5645937,WPG,379,00:45
2015020679,WPG,Andrew,Copp,3,02:32,03:21,8,,,517,52,#002654,0,8477429,Winnipeg Jets,5646859,WPG,465,00:49
2015020679,WPG,Andrew,Copp,3,10:23,11:28,9,,,517,52,#002654,0,8477429,Winnipeg Jets,5646860,WPG,492,01:05
2015020679,COL,Chris,Bigras,1,03:20,04:27,1,,,517,21,#75263D,0,8477453,Colorado Avalanche,5645938,COL,159,01:07
2015020679,COL,Chris,Bigras,1,05:43,05:51,2,,,517,21,#75263D,0,8477453,Colorado Avalanche,5645939,COL,,00:08
2015020679,COL,Chris,Bigras,1,08:50,09:32,3,,,517,21,#75263D,0,8477453,Colorado Avalanche,5645940,COL,173,00:42
2015020679,COL,Chris,Bigras,1,10:16,11:03,4,,,517,21,#75263D,0,8477453,Colorado Avalanche,5645941,COL,175,00:47
2015020679,COL,Chris,Bigras,1,15:38,16:48,5,,,517,21,#75263D,0,8477453,Colorado Avalanche,5645942,COL,188,01:10
2015020679,COL,Chris,Bigras,1,18:19,19:00,6,,,517,21,#75263D,0,8477453,Colorado Avalanche,5645943,COL,194,00:41
2015020679,COL,Chris,Bigras,2,02:53,04:02,7,,,517,21,#75263D,0,8477453,Colorado Avalanche,5645944,COL,310,01:09
2015020679,COL,Chris,Bigras,2,05:03,05:46,8,,,517,21,#75263D,0,8477453,Colorado Avalanche,5645945,COL,315,00:43
2015020679,COL,Chris,Bigras,2,06:29,07:01,9,,,517,21,#75263D,0,8477453,Colorado Avalanche,5645946,COL,318,00:32
2015020679,COL,Chris,Bigras,2,10:47,11:45,10,,,517,21,#75263D,0,8477453,Colorado Avalanche,5645947,COL,326,00:58
2015020679,COL,Chris,Bigras,2,13:37,13:46,11,,,517,21,#75263D,0,8477453,Colorado Avalanche,5645948,COL,332,00:09
2015020679,COL,Chris,Bigras,2,16:08,16:46,12,,,517,21,#75263D,0,8477453,Colorado Avalanche,5645949,COL,337,00:38
2015020679,COL,Chris,Bigras,2,17:14,17:30,13,,,517,21,#75263D,0,8477453,Colorado Avalanche,5645950,COL,340,00:16
2015020679,COL,Chris,Bigras,3,00:52,01:38,14,,,517,21,#75263D,0,8477453,Colorado Avalanche,5645951,COL,347,00:46
2015020679,COL,Chris,Bigras,3,02:29,03:59,15,,,517,21,#75263D,0,8477453,Colorado Avalanche,5646861,COL,350,01:30
2015020679,COL,Chris,Bigras,3,04:50,05:34,16,,,517,21,#75263D,0,8477453,Colorado Avalanche,5646862,COL,507,00:44
2015020679,COL,Chris,Bigras,3,13:12,14:07,17,,,517,21,#75263D,0,8477453,Colorado Avalanche,5646863,COL,530,00:55
2015020679,COL,Nathan,MacKinnon,1,00:00,00:33,1,,,517,21,#75263D,0,8477492,Colorado Avalanche,5645952,COL,4,00:33
2015020679,COL,Nathan,MacKinnon,1,02:28,03:20,2,,,517,21,#75263D,0,8477492,Colorado Avalanche,5645953,COL,158,00:52
2015020679,COL,Nathan,MacKinnon,1,07:51,08:27,3,,,517,21,#75263D,0,8477492,Colorado Avalanche,5645954,COL,169,00:36
2015020679,COL,Nathan,MacKinnon,1,11:03,12:42,4,,,517,21,#75263D,0,8477492,Colorado Avalanche,5645955,COL,177,01:39
2015020679,COL,Nathan,MacKinnon,1,14:46,15:38,5,,,517,21,#75263D,0,8477492,Colorado Avalanche,5645956,COL,184,00:52
2015020679,COL,Nathan,MacKinnon,1,18:19,19:25,6,,,517,21,#75263D,0,8477492,Colorado Avalanche,5645957,COL,194,01:06
2015020679,COL,Nathan,MacKinnon,2,00:00,00:46,7,,,517,21,#75263D,0,8477492,Colorado Avalanche,5645958,COL,301,00:46
2015020679,COL,Nathan,MacKinnon,2,03:44,04:45,8,,,517,21,#75263D,0,8477492,Colorado Avalanche,5645959,COL,311,01:01
2015020679,COL,Nathan,MacKinnon,2,07:19,08:34,9,,,517,21,#75263D,0,8477492,Colorado Avalanche,5645960,COL,322,01:15
2015020679,COL,Nathan,MacKinnon,2,11:45,12:39,10,,,517,21,#75263D,0,8477492,Colorado Avalanche,5645961,COL,329,00:54
2015020679,COL,Nathan,MacKinnon,2,15:44,16:46,11,,,517,21,#75263D,0,8477492,Colorado Avalanche,5645962,COL,336,01:02
2015020679,COL,Nathan,MacKinnon,2,19:30,19:42,12,,,517,21,#75263D,0,8477492,Colorado Avalanche,5645963,COL,344,00:12
2015020679,COL,Nathan,MacKinnon,3,00:00,01:05,13,,,517,21,#75263D,0,8477492,Colorado Avalanche,5645964,COL,346,01:05
2015020679,COL,Nathan,MacKinnon,3,03:21,04:31,14,,,517,21,#75263D,0,8477492,Colorado Avalanche,5646864,COL,504,01:10
2015020679,COL,Nathan,MacKinnon,3,07:44,08:38,15,,,517,21,#75263D,0,8477492,Colorado Avalanche,5646865,COL,514,00:54
2015020679,COL,Nathan,MacKinnon,3,09:34,10:21,16,,,517,21,#75263D,0,8477492,Colorado Avalanche,5646866,COL,520,00:47
2015020679,COL,Nathan,MacKinnon,3,12:19,13:03,17,,,517,21,#75263D,0,8477492,Colorado Avalanche,5646867,COL,528,00:44
2015020679,COL,Nathan,MacKinnon,3,17:13,19:09,18,,,517,21,#75263D,0,8477492,Colorado Avalanche,5646868,COL,539,01:56
2015020679,COL,Nikita,Zadorov,1,00:00,00:33,1,,,517,21,#75263D,0,8477507,Colorado Avalanche,5645965,COL,4,00:33
2015020679,COL,Nikita,Zadorov,1,01:27,02:04,2,,,517,21,#75263D,0,8477507,Colorado Avalanche,5645966,COL,154,00:37
2015020679,COL,Nikita,Zadorov,1,02:28,03:20,3,,,517,21,#75263D,0,8477507,Colorado Avalanche,5645967,COL,158,00:52
2015020679,COL,Nikita,Zadorov,1,05:43,05:51,4,,,517,21,#75263D,0,8477507,Colorado Avalanche,5645968,COL,,00:08
2015020679,COL,Nikita,Zadorov,1,07:26,08:50,5,,,517,21,#75263D,0,8477507,Colorado Avalanche,5645969,COL,167,01:24
2015020679,COL,Nikita,Zadorov,1,11:03,11:39,6,,,517,21,#75263D,0,8477507,Colorado Avalanche,5645970,COL,177,00:36
2015020679,COL,Nikita,Zadorov,1,13:43,15:22,7,,,517,21,#75263D,0,8477507,Colorado Avalanche,5645971,COL,182,01:39
2015020679,COL,Nikita,Zadorov,1,17:22,18:19,8,,,517,21,#75263D,0,8477507,Colorado Avalanche,5645972,COL,193,00:57
2015020679,COL,Nikita,Zadorov,1,19:40,20:00,9,,,517,21,#75263D,0,8477507,Colorado Avalanche,5645973,COL,200,00:20
2015020679,COL,Nikita,Zadorov,2,00:00,00:38,10,,,517,21,#75263D,0,8477507,Colorado Avalanche,5645974,COL,301,00:38
2015020679,COL,Nikita,Zadorov,2,02:10,02:53,11,,,517,21,#75263D,0,8477507,Colorado Avalanche,5645975,COL,308,00:43
2015020679,COL,Nikita,Zadorov,2,04:02,05:03,12,,,517,21,#75263D,0,8477507,Colorado Avalanche,5645976,COL,312,01:01
2015020679,COL,Nikita,Zadorov,2,07:01,08:34,13,,,517,21,#75263D,0,8477507,Colorado Avalanche,5645977,COL,320,01:33
2015020679,COL,Nikita,Zadorov,2,09:43,10:47,14,,,517,21,#75263D,0,8477507,Colorado Avalanche,5645978,COL,324,01:04
2015020679,COL,Nikita,Zadorov,2,11:45,12:39,15,,,517,21,#75263D,0,8477507,Colorado Avalanche,5645979,COL,329,00:54
2015020679,COL,Nikita,Zadorov,2,14:59,16:08,16,,,517,21,#75263D,0,8477507,Colorado Avalanche,5645980,COL,335,01:09
2015020679,COL,Nikita,Zadorov,2,18:18,18:48,17,,,517,21,#75263D,0,8477507,Colorado Avalanche,5645981,COL,342,00:30
2015020679,COL,Nikita,Zadorov,3,00:00,00:52,18,,,517,21,#75263D,0,8477507,Colorado Avalanche,5645982,COL,346,00:52
2015020679,COL,Nikita,Zadorov,3,03:59,04:50,19,,,517,21,#75263D,0,8477507,Colorado Avalanche,5646869,COL,505,00:51
2015020679,COL,Nikita,Zadorov,3,06:39,07:44,20,,,517,21,#75263D,0,8477507,Colorado Avalanche,5646870,COL,513,01:05
2015020679,COL,Nikita,Zadorov,3,08:38,10:21,21,,,517,21,#75263D,0,8477507,Colorado Avalanche,5646871,COL,517,01:43
2015020679,COL,Nikita,Zadorov,3,10:41,11:28,22,,,517,21,#75263D,0,8477507,Colorado Avalanche,5646872,COL,524,00:47
2015020679,COL,Nikita,Zadorov,3,12:19,13:03,23,,,517,21,#75263D,0,8477507,Colorado Avalanche,5646873,COL,528,00:44
2015020679,COL,Nikita,Zadorov,3,17:13,19:09,24,,,517,21,#75263D,0,8477507,Colorado Avalanche,5646874,COL,539,01:56
2015020679,WPG,Nikolaj,Ehlers,1,01:17,01:55,1,,,517,52,#002654,0,8477940,Winnipeg Jets,5645983,WPG,103,00:38
2015020679,WPG,Nikolaj,Ehlers,1,04:26,05:10,2,,,517,52,#002654,0,8477940,Winnipeg Jets,5645984,WPG,110,00:44
2015020679,WPG,Nikolaj,Ehlers,1,07:10,07:51,3,,,517,52,#002654,0,8477940,Winnipeg Jets,5645985,WPG,118,00:41
2015020679,WPG,Nikolaj,Ehlers,1,09:32,10:35,4,,,517,52,#002654,0,8477940,Winnipeg Jets,5645986,WPG,123,01:03
2015020679,WPG,Nikolaj,Ehlers,1,14:06,14:28,5,,,517,52,#002654,0,8477940,Winnipeg Jets,5645987,WPG,137,00:22
2015020679,WPG,Nikolaj,Ehlers,1,15:03,16:13,6,,,517,52,#002654,0,8477940,Winnipeg Jets,5645988,WPG,142,01:10
2015020679,WPG,Nikolaj,Ehlers,1,18:47,19:30,7,,,517,52,#002654,0,8477940,Winnipeg Jets,5645989,WPG,353,00:43
2015020679,WPG,Nikolaj,Ehlers,2,01:16,01:20,8,,,517,52,#002654,0,8477940,Winnipeg Jets,5645990,WPG,359,00:04
2015020679,WPG,Nikolaj,Ehlers,2,01:58,02:53,9,,,517,52,#002654,0,8477940,Winnipeg Jets,5645991,WPG,361,00:55
2015020679,WPG,Nikolaj,Ehlers,2,05:37,06:22,10,,,517,52,#002654,0,8477940,Winnipeg Jets,5645992,WPG,369,00:45
2015020679,WPG,Nikolaj,Ehlers,2,09:43,10:47,11,,,517,52,#002654,0,8477940,Winnipeg Jets,5645993,WPG,377,01:04
2015020679,WPG,Nikolaj,Ehlers,2,13:37,14:40,12,,,517,52,#002654,0,8477940,Winnipeg Jets,5645994,WPG,388,01:03
2015020679,WPG,Nikolaj,Ehlers,2,16:34,16:46,13,,,517,52,#002654,0,8477940,Winnipeg Jets,5645995,WPG,396,00:12
2015020679,WPG,Nikolaj,Ehlers,2,17:30,18:39,14,,,517,52,#002654,0,8477940,Winnipeg Jets,5645996,WPG,399,01:09
2015020679,WPG,Nikolaj,Ehlers,2,19:42,20:00,15,,,517,52,#002654,0,8477940,Winnipeg Jets,5645997,WPG,457,00:18
2015020679,WPG,Nikolaj,Ehlers,3,01:38,02:18,16,,,517,52,#002654,0,8477940,Winnipeg Jets,5646875,WPG,462,00:40
2015020679,WPG,Nikolaj,Ehlers,3,05:31,06:25,17,,,517,52,#002654,0,8477940,Winnipeg Jets,5646876,WPG,476,00:54
2015020679,WPG,Nikolaj,Ehlers,3,07:13,07:56,18,,,517,52,#002654,0,8477940,Winnipeg Jets,5646877,WPG,481,00:43
2015020679,WPG,Nikolaj,Ehlers,3,12:19,13:03,19,,,517,52,#002654,0,8477940,Winnipeg Jets,5646878,WPG,496,00:44
2015020679,WPG,Nikolaj,Ehlers,3,14:51,15:21,20,,,517,52,#002654,0,8477940,Winnipeg Jets,5646879,WPG,500,00:30
2015020679,WPG,Nikolaj,Ehlers,3,16:32,18:00,21,,,517,52,#002654,0,8477940,Winnipeg Jets,5646880,WPG,653,01:28
2015020679,WPG,Nikolaj,Ehlers,3,19:09,19:18,22,,,517,52,#002654,0,8477940,Winnipeg Jets,5646881,WPG,657,00:09
2015020679,COL,Andreas,Martinsen,1,01:17,01:27,1,,,517,21,#75263D,0,8478561,Colorado Avalanche,5645998,COL,152,00:10
2015020679,COL,Andreas,Martinsen,1,03:20,04:27,2,,,517,21,#75263D,0,8478561,Colorado Avalanche,5645999,COL,159,01:07
2015020679,COL,Andreas,Martinsen,1,08:27,09:32,3,,,517,21,#75263D,0,8478561,Colorado Avalanche,5646000,COL,170,01:05
2015020679,COL,Andreas,Martinsen,1,15:38,16:06,4,,,517,21,#75263D,0,8478561,Colorado Avalanche,5646001,COL,188,00:28
2015020679,COL,Andreas,Martinsen,2,01:16,01:20,5,,,517,21,#75263D,0,8478561,Colorado Avalanche,5646002,COL,305,00:04
2015020679,COL,Andreas,Martinsen,2,02:53,03:44,6,,,517,21,#75263D,0,8478561,Colorado Avalanche,5646003,COL,310,00:51
2015020679,COL,Andreas,Martinsen,2,05:39,06:34,7,,,517,21,#75263D,0,8478561,Colorado Avalanche,5646004,COL,316,00:55
2015020679,COL,Andreas,Martinsen,2,09:43,10:47,8,,,517,21,#75263D,0,8478561,Colorado Avalanche,5646005,COL,324,01:04
2015020679,COL,Andreas,Martinsen,2,13:37,14:59,9,,,517,21,#75263D,0,8478561,Colorado Avalanche,5646006,COL,332,01:22
2015020679,COL,Andreas,Martinsen,2,17:30,18:18,10,,,517,21,#75263D,0,8478561,Colorado Avalanche,5646007,COL,341,00:48
2015020679,COL,Andreas,Martinsen,3,00:52,01:38,11,,,517,21,#75263D,0,8478561,Colorado Avalanche,5646008,COL,347,00:46
2015020679,COL,Andreas,Martinsen,3,04:31,05:12,12,,,517,21,#75263D,0,8478561,Colorado Avalanche,5646882,COL,506,00:41
2015020679,COL,Andreas,Martinsen,3,09:25,09:38,13,,,517,21,#75263D,0,8478561,Colorado Avalanche,5646883,COL,519,00:13
2015020679,COL,Andreas,Martinsen,3,10:21,10:41,14,,,517,21,#75263D,0,8478561,Colorado Avalanche,5646884,COL,522,00:20
2015020679,COL,Andreas,Martinsen,3,15:00,15:21,15,,,517,21,#75263D,0,8478561,Colorado Avalanche,5646885,COL,533,00:21
