gameId,teamAbbrev,firstName,lastName,period,startTime,endTime,shiftNumber,eventDescription,eventDetails,typeCode,teamId,hexValue,detailCode,playerId,teamName,id,teamAbbrev,eventNumber,duration
2015020185,BUF,David,Legwand,1,02:18,03:03,1,,,517,7,#002654,0,8467330,Buffalo Sabres,4964352,BUF,155,00:45
2015020185,BUF,David,Legwand,1,07:21,07:49,2,,,517,7,#002654,0,8467330,Buffalo Sabres,4964353,BUF,166,00:28
2015020185,BUF,David,Legwand,1,11:18,11:35,3,,,517,7,#002654,0,8467330,Buffalo Sabres,4964354,BUF,175,00:17
2015020185,BUF,David,Legwand,1,16:34,17:17,4,,,517,7,#002654,0,8467330,Buffalo Sabres,4964355,BUF,192,00:43
2015020185,BUF,David,Legwand,2,02:51,03:02,5,,,517,7,#002654,0,8467330,Buffalo Sabres,4964356,BUF,310,00:11
2015020185,BUF,David,Legwand,2,05:12,05:56,6,,,517,7,#002654,0,8467330,Buffalo Sabres,4964357,BUF,319,00:44
2015020185,BUF,David,Legwand,2,06:29,07:11,7,,,517,7,#002654,0,8467330,Buffalo Sabres,4964358,BUF,322,00:42
2015020185,BUF,David,Legwand,2,10:47,12:10,8,,,517,7,#002654,0,8467330,Buffalo Sabres,4964359,BUF,334,01:23
2015020185,BUF,David,Legwand,3,01:59,02:58,9,,,517,7,#002654,0,8467330,Buffalo Sabres,4964360,BUF,468,00:59
2015020185,BUF,David,Legwand,3,09:48,10:29,10,,,517,7,#002654,0,8467330,Buffalo Sabres,4964361,BUF,492,00:41
2015020185,BUF,David,Legwand,3,11:26,12:04,11,,,517,7,#002654,0,8467330,Buffalo Sabres,4964362,BUF,495,00:38
2015020185,BUF,David,Legwand,3,16:09,16:45,12,,,517,7,#002654,0,8467330,Buffalo Sabres,4964363,BUF,656,00:36
2015020185,BUF,Brian,Gionta,1,01:42,02:18,1,,,517,7,#002654,0,8467407,Buffalo Sabres,4964364,BUF,154,00:36
2015020185,BUF,Brian,Gionta,1,04:14,05:15,2,,,517,7,#002654,0,8467407,Buffalo Sabres,4964365,BUF,160,01:01
2015020185,BUF,Brian,Gionta,1,06:26,07:21,3,,,517,7,#002654,0,8467407,Buffalo Sabres,4964366,BUF,165,00:55
2015020185,BUF,Brian,Gionta,1,08:30,10:00,4,,,517,7,#002654,0,8467407,Buffalo Sabres,4964367,BUF,168,01:30
2015020185,BUF,Brian,Gionta,1,12:21,13:52,5,,,517,7,#002654,0,8467407,Buffalo Sabres,4964368,BUF,178,01:31
2015020185,BUF,Brian,Gionta,1,15:05,16:17,6,,,517,7,#002654,0,8467407,Buffalo Sabres,4964369,BUF,186,01:12
2015020185,BUF,Brian,Gionta,1,18:17,18:46,7,,,517,7,#002654,0,8467407,Buffalo Sabres,4964370,BUF,301,00:29
2015020185,BUF,Brian,Gionta,2,01:45,02:51,8,,,517,7,#002654,0,8467407,Buffalo Sabres,4964371,BUF,307,01:06
2015020185,BUF,Brian,Gionta,2,05:56,06:29,9,,,517,7,#002654,0,8467407,Buffalo Sabres,4964372,BUF,320,00:33
2015020185,BUF,Brian,Gionta,2,07:56,08:26,10,,,517,7,#002654,0,8467407,Buffalo Sabres,4964373,BUF,327,00:30
2015020185,BUF,Brian,Gionta,2,11:51,13:08,11,,,517,7,#002654,0,8467407,Buffalo Sabres,4964374,BUF,336,01:17
2015020185,BUF,Brian,Gionta,2,15:57,17:03,12,,,517,7,#002654,0,8467407,Buffalo Sabres,4964375,BUF,347,01:06
2015020185,BUF,Brian,Gionta,2,19:16,20:00,13,,,517,7,#002654,0,8467407,Buffalo Sabres,4964376,BUF,456,00:44
2015020185,BUF,Brian,Gionta,3,00:43,01:29,14,,,517,7,#002654,0,8467407,Buffalo Sabres,4964377,BUF,464,00:46
2015020185,BUF,Brian,Gionta,3,03:45,04:38,15,,,517,7,#002654,0,8467407,Buffalo Sabres,4964378,BUF,474,00:53
2015020185,BUF,Brian,Gionta,3,06:42,07:53,16,,,517,7,#002654,0,8467407,Buffalo Sabres,4964379,BUF,484,01:11
2015020185,BUF,Brian,Gionta,3,10:29,11:20,17,,,517,7,#002654,0,8467407,Buffalo Sabres,4964380,BUF,493,00:51
2015020185,BUF,Brian,Gionta,3,12:04,12:47,18,,,517,7,#002654,0,8467407,Buffalo Sabres,4964381,BUF,496,00:43
2015020185,BUF,Brian,Gionta,3,15:37,16:20,19,,,517,7,#002654,0,8467407,Buffalo Sabres,4964382,BUF,655,00:43
2015020185,BUF,Brian,Gionta,3,17:56,19:30,20,,,517,7,#002654,0,8467407,Buffalo Sabres,4964383,BUF,666,01:34
2015020185,TBL,Valtteri,Filppula,1,00:41,02:16,1,,,517,14,#111111,0,8470047,Tampa Bay Lightning,4964384,TBL,102,01:35
2015020185,TBL,Valtteri,Filppula,1,04:45,05:55,2,,,517,14,#111111,0,8470047,Tampa Bay Lightning,4964385,TBL,109,01:10
2015020185,TBL,Valtteri,Filppula,1,08:28,09:01,3,,,517,14,#111111,0,8470047,Tampa Bay Lightning,4964386,TBL,116,00:33
2015020185,TBL,Valtteri,Filppula,1,10:09,10:49,4,,,517,14,#111111,0,8470047,Tampa Bay Lightning,4964387,TBL,120,00:40
2015020185,TBL,Valtteri,Filppula,1,12:19,13:23,5,,,517,14,#111111,0,8470047,Tampa Bay Lightning,4964388,TBL,124,01:04
2015020185,TBL,Valtteri,Filppula,1,14:48,16:15,6,,,517,14,#111111,0,8470047,Tampa Bay Lightning,4964389,TBL,134,01:27
2015020185,TBL,Valtteri,Filppula,1,18:47,19:44,7,,,517,14,#111111,0,8470047,Tampa Bay Lightning,4964390,TBL,147,00:57
2015020185,TBL,Valtteri,Filppula,2,03:02,04:13,8,,,517,14,#111111,0,8470047,Tampa Bay Lightning,4964391,TBL,358,01:11
2015020185,TBL,Valtteri,Filppula,2,06:29,07:35,9,,,517,14,#111111,0,8470047,Tampa Bay Lightning,4964392,TBL,365,01:06
2015020185,TBL,Valtteri,Filppula,2,09:32,10:36,10,,,517,14,#111111,0,8470047,Tampa Bay Lightning,4964393,TBL,369,01:04
2015020185,TBL,Valtteri,Filppula,2,13:31,14:38,11,,,517,14,#111111,0,8470047,Tampa Bay Lightning,4964394,TBL,380,01:07
2015020185,TBL,Valtteri,Filppula,2,17:51,18:21,12,,,517,14,#111111,0,8470047,Tampa Bay Lightning,4964395,TBL,390,00:30
2015020185,TBL,Valtteri,Filppula,3,01:27,01:59,13,,,517,14,#111111,0,8470047,Tampa Bay Lightning,4964396,TBL,398,00:32
2015020185,TBL,Valtteri,Filppula,3,04:38,05:32,14,,,517,14,#111111,0,8470047,Tampa Bay Lightning,4964397,TBL,557,00:54
2015020185,TBL,Valtteri,Filppula,3,08:40,09:51,15,,,517,14,#111111,0,8470047,Tampa Bay Lightning,4964398,TBL,569,01:11
2015020185,TBL,Valtteri,Filppula,3,12:35,13:37,16,,,517,14,#111111,0,8470047,Tampa Bay Lightning,4964399,TBL,576,01:02
2015020185,TBL,Valtteri,Filppula,3,16:32,17:55,17,,,517,14,#111111,0,8470047,Tampa Bay Lightning,4964400,TBL,589,01:23
2015020185,BUF,Josh,Gorges,1,00:42,01:24,1,,,517,7,#002654,0,8470324,Buffalo Sabres,4964401,BUF,151,00:42
2015020185,BUF,Josh,Gorges,1,02:25,03:03,2,,,517,7,#002654,0,8470324,Buffalo Sabres,4964402,BUF,156,00:38
2015020185,BUF,Josh,Gorges,1,03:31,04:02,3,,,517,7,#002654,0,8470324,Buffalo Sabres,4964403,BUF,158,00:31
2015020185,BUF,Josh,Gorges,1,05:28,05:55,4,,,517,7,#002654,0,8470324,Buffalo Sabres,4964404,BUF,163,00:27
2015020185,BUF,Josh,Gorges,1,06:26,07:21,5,,,517,7,#002654,0,8470324,Buffalo Sabres,4964405,BUF,165,00:55
2015020185,BUF,Josh,Gorges,1,09:34,10:34,6,,,517,7,#002654,0,8470324,Buffalo Sabres,4964406,BUF,169,01:00
2015020185,BUF,Josh,Gorges,1,10:49,11:18,7,,,517,7,#002654,0,8470324,Buffalo Sabres,4964407,BUF,174,00:29
2015020185,BUF,Josh,Gorges,1,12:31,13:16,8,,,517,7,#002654,0,8470324,Buffalo Sabres,4964408,BUF,179,00:45
2015020185,BUF,Josh,Gorges,1,15:14,16:04,9,,,517,7,#002654,0,8470324,Buffalo Sabres,4964409,BUF,187,00:50
2015020185,BUF,Josh,Gorges,1,18:14,18:46,10,,,517,7,#002654,0,8470324,Buffalo Sabres,4964410,BUF,196,00:32
2015020185,BUF,Josh,Gorges,2,01:01,01:45,11,,,517,7,#002654,0,8470324,Buffalo Sabres,4964411,BUF,303,00:44
2015020185,BUF,Josh,Gorges,2,03:24,03:56,12,,,517,7,#002654,0,8470324,Buffalo Sabres,4964412,BUF,313,00:32
2015020185,BUF,Josh,Gorges,2,04:21,04:53,13,,,517,7,#002654,0,8470324,Buffalo Sabres,4964413,BUF,317,00:32
2015020185,BUF,Josh,Gorges,2,05:12,06:16,14,,,517,7,#002654,0,8470324,Buffalo Sabres,4964414,BUF,319,01:04
2015020185,BUF,Josh,Gorges,2,08:26,09:06,15,,,517,7,#002654,0,8470324,Buffalo Sabres,4964415,BUF,328,00:40
2015020185,BUF,Josh,Gorges,2,12:15,13:08,16,,,517,7,#002654,0,8470324,Buffalo Sabres,4964416,BUF,339,00:53
2015020185,BUF,Josh,Gorges,2,15:46,16:22,17,,,517,7,#002654,0,8470324,Buffalo Sabres,4964417,BUF,345,00:36
2015020185,BUF,Josh,Gorges,2,17:03,17:36,18,,,517,7,#002654,0,8470324,Buffalo Sabres,4964418,BUF,350,00:33
2015020185,BUF,Josh,Gorges,3,00:43,01:18,19,,,517,7,#002654,0,8470324,Buffalo Sabres,4964419,BUF,464,00:35
2015020185,BUF,Josh,Gorges,3,03:45,04:23,20,,,517,7,#002654,0,8470324,Buffalo Sabres,4964420,BUF,474,00:38
2015020185,BUF,Josh,Gorges,3,05:37,06:25,21,,,517,7,#002654,0,8470324,Buffalo Sabres,4964421,BUF,480,00:48
2015020185,BUF,Josh,Gorges,3,08:53,09:40,22,,,517,7,#002654,0,8470324,Buffalo Sabres,4964422,BUF,489,00:47
2015020185,BUF,Josh,Gorges,3,11:26,12:04,23,,,517,7,#002654,0,8470324,Buffalo Sabres,4964423,BUF,495,00:38
2015020185,BUF,Josh,Gorges,3,12:47,13:32,24,,,517,7,#002654,0,8470324,Buffalo Sabres,4964424,BUF,498,00:45
2015020185,BUF,Josh,Gorges,3,15:37,16:09,25,,,517,7,#002654,0,8470324,Buffalo Sabres,4964425,BUF,655,00:32
2015020185,BUF,Josh,Gorges,3,16:45,17:28,26,,,517,7,#002654,0,8470324,Buffalo Sabres,4964426,BUF,659,00:43
2015020185,TBL,Braydon,Coburn,1,02:16,03:03,1,,,517,14,#111111,0,8470601,Tampa Bay Lightning,4964427,TBL,104,00:47
2015020185,TBL,Braydon,Coburn,1,05:14,05:55,2,,,517,14,#111111,0,8470601,Tampa Bay Lightning,4964428,TBL,110,00:41
2015020185,TBL,Braydon,Coburn,1,07:49,08:28,3,,,517,14,#111111,0,8470601,Tampa Bay Lightning,4964429,TBL,115,00:39
2015020185,TBL,Braydon,Coburn,1,09:01,10:09,4,,,517,14,#111111,0,8470601,Tampa Bay Lightning,4964430,TBL,117,01:08
2015020185,TBL,Braydon,Coburn,1,10:49,11:30,5,,,517,14,#111111,0,8470601,Tampa Bay Lightning,4964431,TBL,121,00:41
2015020185,TBL,Braydon,Coburn,1,14:15,15:02,6,,,517,14,#111111,0,8470601,Tampa Bay Lightning,4964432,TBL,132,00:47
2015020185,TBL,Braydon,Coburn,1,17:08,18:17,7,,,517,14,#111111,0,8470601,Tampa Bay Lightning,4964433,TBL,140,01:09
2015020185,TBL,Braydon,Coburn,1,19:10,19:28,8,,,517,14,#111111,0,8470601,Tampa Bay Lightning,4964434,TBL,150,00:18
2015020185,TBL,Braydon,Coburn,2,00:13,01:45,9,,,517,14,#111111,0,8470601,Tampa Bay Lightning,4964435,TBL,354,01:32
2015020185,TBL,Braydon,Coburn,2,04:03,05:05,10,,,517,14,#111111,0,8470601,Tampa Bay Lightning,4964436,TBL,360,01:02
2015020185,TBL,Braydon,Coburn,2,07:35,07:56,11,,,517,14,#111111,0,8470601,Tampa Bay Lightning,4964437,TBL,366,00:21
2015020185,TBL,Braydon,Coburn,2,08:26,09:44,12,,,517,14,#111111,0,8470601,Tampa Bay Lightning,4964438,TBL,368,01:18
2015020185,TBL,Braydon,Coburn,2,11:51,12:27,13,,,517,14,#111111,0,8470601,Tampa Bay Lightning,4964439,TBL,375,00:36
2015020185,TBL,Braydon,Coburn,2,13:02,14:16,14,,,517,14,#111111,0,8470601,Tampa Bay Lightning,4964440,TBL,379,01:14
2015020185,TBL,Braydon,Coburn,2,17:03,17:45,15,,,517,14,#111111,0,8470601,Tampa Bay Lightning,4964441,TBL,388,00:42
2015020185,TBL,Braydon,Coburn,2,18:47,20:00,16,,,517,14,#111111,0,8470601,Tampa Bay Lightning,4964442,TBL,393,01:13
2015020185,TBL,Braydon,Coburn,3,01:08,01:36,17,,,517,14,#111111,0,8470601,Tampa Bay Lightning,4964443,TBL,397,00:28
2015020185,TBL,Braydon,Coburn,3,03:09,03:35,18,,,517,14,#111111,0,8470601,Tampa Bay Lightning,4964444,TBL,553,00:26
2015020185,TBL,Braydon,Coburn,3,04:31,04:45,19,,,517,14,#111111,0,8470601,Tampa Bay Lightning,4964445,TBL,556,00:14
2015020185,TBL,Braydon,Coburn,3,05:14,05:47,20,,,517,14,#111111,0,8470601,Tampa Bay Lightning,4964446,TBL,560,00:33
2015020185,TBL,Braydon,Coburn,3,06:56,07:52,21,,,517,14,#111111,0,8470601,Tampa Bay Lightning,4964447,TBL,565,00:56
2015020185,TBL,Braydon,Coburn,3,09:32,10:43,22,,,517,14,#111111,0,8470601,Tampa Bay Lightning,4964448,TBL,570,01:11
2015020185,TBL,Braydon,Coburn,3,13:37,14:14,23,,,517,14,#111111,0,8470601,Tampa Bay Lightning,4964449,TBL,579,00:37
2015020185,TBL,Braydon,Coburn,3,17:40,18:13,24,,,517,14,#111111,0,8470601,Tampa Bay Lightning,4964450,TBL,591,00:33
2015020185,TBL,Braydon,Coburn,3,19:30,20:00,25,,,517,14,#111111,0,8470601,Tampa Bay Lightning,4964451,TBL,595,00:30
2015020185,TBL,Brian,Boyle,1,02:16,03:03,1,,,517,14,#111111,0,8470619,Tampa Bay Lightning,4964452,TBL,104,00:47
2015020185,TBL,Brian,Boyle,1,07:21,07:49,2,,,517,14,#111111,0,8470619,Tampa Bay Lightning,4964453,TBL,113,00:28
2015020185,TBL,Brian,Boyle,1,09:01,10:09,3,,,517,14,#111111,0,8470619,Tampa Bay Lightning,4964454,TBL,117,01:08
2015020185,TBL,Brian,Boyle,1,13:23,13:47,4,,,517,14,#111111,0,8470619,Tampa Bay Lightning,4964455,TBL,128,00:24
2015020185,TBL,Brian,Boyle,1,16:23,17:32,5,,,517,14,#111111,0,8470619,Tampa Bay Lightning,4964456,TBL,139,01:09
2015020185,TBL,Brian,Boyle,1,19:44,20:00,6,,,517,14,#111111,0,8470619,Tampa Bay Lightning,4964457,TBL,352,00:16
2015020185,TBL,Brian,Boyle,2,03:53,05:05,7,,,517,14,#111111,0,8470619,Tampa Bay Lightning,4964458,TBL,359,01:12
2015020185,TBL,Brian,Boyle,2,07:35,07:56,8,,,517,14,#111111,0,8470619,Tampa Bay Lightning,4964459,TBL,366,00:21
2015020185,TBL,Brian,Boyle,2,10:50,12:00,9,,,517,14,#111111,0,8470619,Tampa Bay Lightning,4964460,TBL,374,01:10
2015020185,TBL,Brian,Boyle,2,14:32,15:39,10,,,517,14,#111111,0,8470619,Tampa Bay Lightning,4964461,TBL,383,01:07
2015020185,TBL,Brian,Boyle,3,00:00,00:52,11,,,517,14,#111111,0,8470619,Tampa Bay Lightning,4964462,TBL,394,00:52
2015020185,TBL,Brian,Boyle,3,02:38,03:35,12,,,517,14,#111111,0,8470619,Tampa Bay Lightning,4964463,TBL,551,00:57
2015020185,TBL,Brian,Boyle,3,07:52,08:40,13,,,517,14,#111111,0,8470619,Tampa Bay Lightning,4964464,TBL,567,00:48
2015020185,TBL,Brian,Boyle,3,13:37,14:34,14,,,517,14,#111111,0,8470619,Tampa Bay Lightning,4964465,TBL,579,00:57
2015020185,TBL,Brian,Boyle,3,17:55,18:25,15,,,517,14,#111111,0,8470619,Tampa Bay Lightning,4964466,TBL,592,00:30
2015020185,TBL,Brian,Boyle,3,19:30,20:00,16,,,517,14,#111111,0,8470619,Tampa Bay Lightning,4964467,TBL,595,00:30
2015020185,BUF,Matt,Moulson,1,01:24,02:18,1,,,517,7,#002654,0,8470852,Buffalo Sabres,4964468,BUF,153,00:54
2015020185,BUF,Matt,Moulson,1,04:14,05:15,2,,,517,7,#002654,0,8470852,Buffalo Sabres,4964469,BUF,160,01:01
2015020185,BUF,Matt,Moulson,1,06:26,07:21,3,,,517,7,#002654,0,8470852,Buffalo Sabres,4964470,BUF,165,00:55
2015020185,BUF,Matt,Moulson,1,07:49,08:30,4,,,517,7,#002654,0,8470852,Buffalo Sabres,4964471,BUF,167,00:41
2015020185,BUF,Matt,Moulson,1,12:31,13:22,5,,,517,7,#002654,0,8470852,Buffalo Sabres,4964472,BUF,179,00:51
2015020185,BUF,Matt,Moulson,1,15:14,16:12,6,,,517,7,#002654,0,8470852,Buffalo Sabres,4964473,BUF,187,00:58
2015020185,BUF,Matt,Moulson,1,18:02,18:46,7,,,517,7,#002654,0,8470852,Buffalo Sabres,4964474,BUF,194,00:44
2015020185,BUF,Matt,Moulson,2,01:45,02:51,8,,,517,7,#002654,0,8470852,Buffalo Sabres,4964475,BUF,307,01:06
2015020185,BUF,Matt,Moulson,2,07:56,08:26,9,,,517,7,#002654,0,8470852,Buffalo Sabres,4964476,BUF,327,00:30
2015020185,BUF,Matt,Moulson,2,11:58,13:08,10,,,517,7,#002654,0,8470852,Buffalo Sabres,4964477,BUF,337,01:10
2015020185,BUF,Matt,Moulson,2,15:57,17:03,11,,,517,7,#002654,0,8470852,Buffalo Sabres,4964478,BUF,347,01:06
2015020185,BUF,Matt,Moulson,2,18:21,19:38,12,,,517,7,#002654,0,8470852,Buffalo Sabres,4964479,BUF,455,01:17
2015020185,BUF,Matt,Moulson,3,00:43,01:18,13,,,517,7,#002654,0,8470852,Buffalo Sabres,4964480,BUF,464,00:35
2015020185,BUF,Matt,Moulson,3,03:54,04:38,14,,,517,7,#002654,0,8470852,Buffalo Sabres,4964481,BUF,475,00:44
2015020185,BUF,Matt,Moulson,3,06:56,07:40,15,,,517,7,#002654,0,8470852,Buffalo Sabres,4964482,BUF,485,00:44
2015020185,BUF,Matt,Moulson,3,19:30,20:00,16,,,517,7,#002654,0,8470852,Buffalo Sabres,4964483,BUF,673,00:30
2015020185,TBL,Ryan,Callahan,1,00:00,00:41,1,,,517,14,#111111,0,8471339,Tampa Bay Lightning,4964484,TBL,4,00:41
2015020185,TBL,Ryan,Callahan,1,03:57,04:45,2,,,517,14,#111111,0,8471339,Tampa Bay Lightning,4964485,TBL,106,00:48
2015020185,TBL,Ryan,Callahan,1,07:49,08:28,3,,,517,14,#111111,0,8471339,Tampa Bay Lightning,4964486,TBL,115,00:39
2015020185,TBL,Ryan,Callahan,1,11:35,12:19,4,,,517,14,#111111,0,8471339,Tampa Bay Lightning,4964487,TBL,123,00:44
2015020185,TBL,Ryan,Callahan,1,13:47,14:22,5,,,517,14,#111111,0,8471339,Tampa Bay Lightning,4964488,TBL,130,00:35
2015020185,TBL,Ryan,Callahan,1,17:17,18:03,6,,,517,14,#111111,0,8471339,Tampa Bay Lightning,4964489,TBL,141,00:46
2015020185,TBL,Ryan,Callahan,2,00:00,01:45,7,,,517,14,#111111,0,8471339,Tampa Bay Lightning,4964490,TBL,353,01:45
2015020185,TBL,Ryan,Callahan,2,05:05,05:12,8,,,517,14,#111111,0,8471339,Tampa Bay Lightning,4964491,TBL,362,00:07
2015020185,TBL,Ryan,Callahan,2,06:17,07:35,9,,,517,14,#111111,0,8471339,Tampa Bay Lightning,4964492,TBL,364,01:18
2015020185,TBL,Ryan,Callahan,2,07:56,08:26,10,,,517,14,#111111,0,8471339,Tampa Bay Lightning,4964493,TBL,367,00:30
2015020185,TBL,Ryan,Callahan,2,12:00,12:28,11,,,517,14,#111111,0,8471339,Tampa Bay Lightning,4964494,TBL,376,00:28
2015020185,TBL,Ryan,Callahan,2,15:39,17:03,12,,,517,14,#111111,0,8471339,Tampa Bay Lightning,4964495,TBL,386,01:24
2015020185,TBL,Ryan,Callahan,2,18:21,18:35,13,,,517,14,#111111,0,8471339,Tampa Bay Lightning,4964496,TBL,391,00:14
2015020185,TBL,Ryan,Callahan,3,01:59,02:38,14,,,517,14,#111111,0,8471339,Tampa Bay Lightning,4964497,TBL,400,00:39
2015020185,TBL,Ryan,Callahan,3,05:32,06:41,15,,,517,14,#111111,0,8471339,Tampa Bay Lightning,4964498,TBL,561,01:09
2015020185,TBL,Ryan,Callahan,3,09:51,10:43,16,,,517,14,#111111,0,8471339,Tampa Bay Lightning,4964499,TBL,571,00:52
2015020185,TBL,Ryan,Callahan,3,12:35,13:37,17,,,517,14,#111111,0,8471339,Tampa Bay Lightning,4964500,TBL,576,01:02
2015020185,TBL,Ryan,Callahan,3,15:35,15:37,18,,,517,14,#111111,0,8471339,Tampa Bay Lightning,4964501,TBL,587,00:02
2015020185,TBL,Ryan,Callahan,3,16:32,17:55,19,,,517,14,#111111,0,8471339,Tampa Bay Lightning,4964502,TBL,589,01:23
2015020185,BUF,Cody,Franson,1,00:00,00:42,1,,,517,7,#002654,0,8471742,Buffalo Sabres,4964503,BUF,3,00:42
2015020185,BUF,Cody,Franson,1,03:03,03:31,2,,,517,7,#002654,0,8471742,Buffalo Sabres,4964504,BUF,157,00:28
2015020185,BUF,Cody,Franson,1,04:02,04:46,3,,,517,7,#002654,0,8471742,Buffalo Sabres,4964505,BUF,159,00:44
2015020185,BUF,Cody,Franson,1,05:55,06:26,4,,,517,7,#002654,0,8471742,Buffalo Sabres,4964506,BUF,164,00:31
2015020185,BUF,Cody,Franson,1,07:49,08:30,5,,,517,7,#002654,0,8471742,Buffalo Sabres,4964507,BUF,167,00:41
2015020185,BUF,Cody,Franson,1,11:35,12:31,6,,,517,7,#002654,0,8471742,Buffalo Sabres,4964508,BUF,177,00:56
2015020185,BUF,Cody,Franson,1,13:52,15:00,7,,,517,7,#002654,0,8471742,Buffalo Sabres,4964509,BUF,183,01:08
2015020185,BUF,Cody,Franson,1,17:17,18:14,8,,,517,7,#002654,0,8471742,Buffalo Sabres,4964510,BUF,193,00:57
2015020185,BUF,Cody,Franson,1,19:48,20:00,9,,,517,7,#002654,0,8471742,Buffalo Sabres,4964511,BUF,200,00:12
2015020185,BUF,Cody,Franson,2,00:00,01:01,10,,,517,7,#002654,0,8471742,Buffalo Sabres,4964512,BUF,302,01:01
2015020185,BUF,Cody,Franson,2,02:45,03:24,11,,,517,7,#002654,0,8471742,Buffalo Sabres,4964513,BUF,309,00:39
2015020185,BUF,Cody,Franson,2,06:16,07:26,12,,,517,7,#002654,0,8471742,Buffalo Sabres,4964514,BUF,321,01:10
2015020185,BUF,Cody,Franson,2,09:10,10:54,13,,,517,7,#002654,0,8471742,Buffalo Sabres,4964515,BUF,330,01:44
2015020185,BUF,Cody,Franson,2,13:16,14:41,14,,,517,7,#002654,0,8471742,Buffalo Sabres,4964516,BUF,341,01:25
2015020185,BUF,Cody,Franson,2,17:36,19:26,15,,,517,7,#002654,0,8471742,Buffalo Sabres,4964517,BUF,451,01:50
2015020185,BUF,Cody,Franson,3,00:00,00:43,16,,,517,7,#002654,0,8471742,Buffalo Sabres,4964518,BUF,461,00:43
2015020185,BUF,Cody,Franson,3,02:44,03:45,17,,,517,7,#002654,0,8471742,Buffalo Sabres,4964519,BUF,470,01:01
2015020185,BUF,Cody,Franson,3,05:07,05:37,18,,,517,7,#002654,0,8471742,Buffalo Sabres,4964520,BUF,478,00:30
2015020185,BUF,Cody,Franson,3,06:42,07:40,19,,,517,7,#002654,0,8471742,Buffalo Sabres,4964521,BUF,484,00:58
2015020185,BUF,Cody,Franson,3,09:48,10:29,20,,,517,7,#002654,0,8471742,Buffalo Sabres,4964522,BUF,492,00:41
2015020185,BUF,Cody,Franson,3,12:04,12:47,21,,,517,7,#002654,0,8471742,Buffalo Sabres,4964523,BUF,496,00:43
2015020185,BUF,Cody,Franson,3,13:41,14:46,22,,,517,7,#002654,0,8471742,Buffalo Sabres,4964524,BUF,651,01:05
2015020185,BUF,Cody,Franson,3,16:15,16:45,23,,,517,7,#002654,0,8471742,Buffalo Sabres,4964525,BUF,657,00:30
2015020185,BUF,Cody,Franson,3,17:35,18:43,24,,,517,7,#002654,0,8471742,Buffalo Sabres,4964526,BUF,663,01:08
2015020185,TBL,Anton,Stralman,1,00:00,01:03,1,,,517,14,#111111,0,8471873,Tampa Bay Lightning,4964527,TBL,4,01:03
2015020185,TBL,Anton,Stralman,1,03:03,03:57,2,,,517,14,#111111,0,8471873,Tampa Bay Lightning,4964528,TBL,105,00:54
2015020185,TBL,Anton,Stralman,1,05:55,07:25,3,,,517,14,#111111,0,8471873,Tampa Bay Lightning,4964529,TBL,111,01:30
2015020185,TBL,Anton,Stralman,1,09:01,10:09,4,,,517,14,#111111,0,8471873,Tampa Bay Lightning,4964530,TBL,117,01:08
2015020185,TBL,Anton,Stralman,1,12:19,12:33,5,,,517,14,#111111,0,8471873,Tampa Bay Lightning,4964531,TBL,124,00:14
2015020185,TBL,Anton,Stralman,1,14:10,14:22,6,,,517,14,#111111,0,8471873,Tampa Bay Lightning,4964532,TBL,131,00:12
2015020185,TBL,Anton,Stralman,1,15:02,15:57,7,,,517,14,#111111,0,8471873,Tampa Bay Lightning,4964533,TBL,135,00:55
2015020185,TBL,Anton,Stralman,1,18:03,19:00,8,,,517,14,#111111,0,8471873,Tampa Bay Lightning,4964534,TBL,144,00:57
2015020185,TBL,Anton,Stralman,2,00:00,00:13,9,,,517,14,#111111,0,8471873,Tampa Bay Lightning,4964535,TBL,353,00:13
2015020185,TBL,Anton,Stralman,2,01:45,03:02,10,,,517,14,#111111,0,8471873,Tampa Bay Lightning,4964536,TBL,357,01:17
2015020185,TBL,Anton,Stralman,2,05:12,06:29,11,,,517,14,#111111,0,8471873,Tampa Bay Lightning,4964537,TBL,363,01:17
2015020185,TBL,Anton,Stralman,2,09:44,10:36,12,,,517,14,#111111,0,8471873,Tampa Bay Lightning,4964538,TBL,371,00:52
2015020185,TBL,Anton,Stralman,2,12:27,13:31,13,,,517,14,#111111,0,8471873,Tampa Bay Lightning,4964539,TBL,377,01:04
2015020185,TBL,Anton,Stralman,2,15:32,17:03,14,,,517,14,#111111,0,8471873,Tampa Bay Lightning,4964540,TBL,385,01:31
2015020185,TBL,Anton,Stralman,2,18:47,20:00,15,,,517,14,#111111,0,8471873,Tampa Bay Lightning,4964541,TBL,393,01:13
2015020185,TBL,Anton,Stralman,3,00:00,00:52,16,,,517,14,#111111,0,8471873,Tampa Bay Lightning,4964542,TBL,394,00:52
2015020185,TBL,Anton,Stralman,3,01:59,03:09,17,,,517,14,#111111,0,8471873,Tampa Bay Lightning,4964543,TBL,400,01:10
2015020185,TBL,Anton,Stralman,3,04:45,05:14,18,,,517,14,#111111,0,8471873,Tampa Bay Lightning,4964544,TBL,559,00:29
2015020185,TBL,Anton,Stralman,3,07:52,08:40,19,,,517,14,#111111,0,8471873,Tampa Bay Lightning,4964545,TBL,567,00:48
2015020185,TBL,Anton,Stralman,3,10:43,11:19,20,,,517,14,#111111,0,8471873,Tampa Bay Lightning,4964546,TBL,572,00:36
2015020185,TBL,Anton,Stralman,3,13:26,14:14,21,,,517,14,#111111,0,8471873,Tampa Bay Lightning,4964547,TBL,578,00:48
2015020185,TBL,Anton,Stralman,3,17:40,18:13,22,,,517,14,#111111,0,8471873,Tampa Bay Lightning,4964548,TBL,591,00:33
2015020185,BUF,Mike,Weber,1,01:24,02:25,1,,,517,7,#002654,0,8473426,Buffalo Sabres,4964549,BUF,153,01:01
2015020185,BUF,Mike,Weber,1,04:46,05:28,2,,,517,7,#002654,0,8473426,Buffalo Sabres,4964550,BUF,161,00:42
2015020185,BUF,Mike,Weber,1,07:21,07:49,3,,,517,7,#002654,0,8473426,Buffalo Sabres,4964551,BUF,166,00:28
2015020185,BUF,Mike,Weber,1,10:15,10:49,4,,,517,7,#002654,0,8473426,Buffalo Sabres,4964552,BUF,172,00:34
2015020185,BUF,Mike,Weber,1,11:18,11:35,5,,,517,7,#002654,0,8473426,Buffalo Sabres,4964553,BUF,175,00:17
2015020185,BUF,Mike,Weber,1,13:16,13:52,6,,,517,7,#002654,0,8473426,Buffalo Sabres,4964554,BUF,180,00:36
2015020185,BUF,Mike,Weber,1,16:04,17:17,7,,,517,7,#002654,0,8473426,Buffalo Sabres,4964555,BUF,189,01:13
2015020185,BUF,Mike,Weber,1,18:46,19:41,8,,,517,7,#002654,0,8473426,Buffalo Sabres,4964556,BUF,198,00:55
2015020185,BUF,Mike,Weber,2,01:45,02:36,9,,,517,7,#002654,0,8473426,Buffalo Sabres,4964557,BUF,307,00:51
2015020185,BUF,Mike,Weber,2,03:56,04:21,10,,,517,7,#002654,0,8473426,Buffalo Sabres,4964558,BUF,314,00:25
2015020185,BUF,Mike,Weber,2,04:53,05:12,11,,,517,7,#002654,0,8473426,Buffalo Sabres,4964559,BUF,318,00:19
2015020185,BUF,Mike,Weber,2,07:26,08:26,12,,,517,7,#002654,0,8473426,Buffalo Sabres,4964560,BUF,325,01:00
2015020185,BUF,Mike,Weber,2,10:47,12:15,13,,,517,7,#002654,0,8473426,Buffalo Sabres,4964561,BUF,334,01:28
2015020185,BUF,Mike,Weber,2,14:41,15:46,14,,,517,7,#002654,0,8473426,Buffalo Sabres,4964562,BUF,343,01:05
2015020185,BUF,Mike,Weber,2,16:22,17:03,15,,,517,7,#002654,0,8473426,Buffalo Sabres,4964563,BUF,348,00:41
2015020185,BUF,Mike,Weber,3,01:18,02:39,16,,,517,7,#002654,0,8473426,Buffalo Sabres,4964564,BUF,465,01:21
2015020185,BUF,Mike,Weber,3,04:23,05:07,17,,,517,7,#002654,0,8473426,Buffalo Sabres,4964565,BUF,476,00:44
2015020185,BUF,Mike,Weber,3,06:25,06:42,18,,,517,7,#002654,0,8473426,Buffalo Sabres,4964566,BUF,481,00:17
2015020185,BUF,Mike,Weber,3,07:40,08:53,19,,,517,7,#002654,0,8473426,Buffalo Sabres,4964567,BUF,486,01:13
2015020185,BUF,Mike,Weber,3,10:29,11:26,20,,,517,7,#002654,0,8473426,Buffalo Sabres,4964568,BUF,493,00:57
2015020185,BUF,Mike,Weber,3,13:26,13:32,21,,,517,7,#002654,0,8473426,Buffalo Sabres,4964569,BUF,499,00:06
2015020185,BUF,Mike,Weber,3,14:24,15:37,22,,,517,7,#002654,0,8473426,Buffalo Sabres,4964570,BUF,652,01:13
2015020185,BUF,Mike,Weber,3,17:37,17:50,23,,,517,7,#002654,0,8473426,Buffalo Sabres,4964571,BUF,664,00:13
2015020185,BUF,Mike,Weber,3,19:30,20:00,24,,,517,7,#002654,0,8473426,Buffalo Sabres,4964572,BUF,673,00:30
2015020185,BUF,Chad,Johnson,2,00:00,20:00,1,,,517,7,#002654,0,8473434,Buffalo Sabres,4964573,BUF,302,20:00
2015020185,BUF,Chad,Johnson,3,00:00,18:20,2,,,517,7,#002654,0,8473434,Buffalo Sabres,4964574,BUF,461,18:20
2015020185,BUF,Chad,Johnson,3,18:25,18:43,3,,,517,7,#002654,0,8473434,Buffalo Sabres,4964575,BUF,670,00:18
2015020185,BUF,Chad,Johnson,3,19:30,20:00,4,,,517,7,#002654,0,8473434,Buffalo Sabres,4964576,BUF,673,00:30
2015020185,BUF,Jamie,McGinn,1,02:18,03:03,1,,,517,7,#002654,0,8473465,Buffalo Sabres,4964577,BUF,155,00:45
2015020185,BUF,Jamie,McGinn,1,07:21,07:49,2,,,517,7,#002654,0,8473465,Buffalo Sabres,4964578,BUF,166,00:28
2015020185,BUF,Jamie,McGinn,1,08:30,10:00,3,,,517,7,#002654,0,8473465,Buffalo Sabres,4964579,BUF,168,01:30
2015020185,BUF,Jamie,McGinn,1,11:31,11:35,4,,,517,7,#002654,0,8473465,Buffalo Sabres,4964580,BUF,176,00:04
2015020185,BUF,Jamie,McGinn,1,16:34,17:17,5,,,517,7,#002654,0,8473465,Buffalo Sabres,4964581,BUF,192,00:43
2015020185,BUF,Jamie,McGinn,2,02:51,03:02,6,,,517,7,#002654,0,8473465,Buffalo Sabres,4964582,BUF,310,00:11
2015020185,BUF,Jamie,McGinn,2,07:32,07:56,7,,,517,7,#002654,0,8473465,Buffalo Sabres,4964583,BUF,326,00:24
2015020185,BUF,Jamie,McGinn,2,10:54,11:51,8,,,517,7,#002654,0,8473465,Buffalo Sabres,4964584,BUF,335,00:57
2015020185,BUF,Jamie,McGinn,2,15:01,15:57,9,,,517,7,#002654,0,8473465,Buffalo Sabres,4964585,BUF,344,00:56
2015020185,BUF,Jamie,McGinn,2,19:38,20:00,10,,,517,7,#002654,0,8473465,Buffalo Sabres,4964586,BUF,459,00:22
2015020185,BUF,Jamie,McGinn,3,01:29,01:59,11,,,517,7,#002654,0,8473465,Buffalo Sabres,4964587,BUF,466,00:30
2015020185,BUF,Jamie,McGinn,3,04:38,05:30,12,,,517,7,#002654,0,8473465,Buffalo Sabres,4964588,BUF,477,00:52
2015020185,BUF,Jamie,McGinn,3,07:53,08:41,13,,,517,7,#002654,0,8473465,Buffalo Sabres,4964589,BUF,487,00:48
2015020185,BUF,Jamie,McGinn,3,13:32,14:46,14,,,517,7,#002654,0,8473465,Buffalo Sabres,4964590,BUF,500,01:14
2015020185,BUF,Jamie,McGinn,3,18:03,18:25,15,,,517,7,#002654,0,8473465,Buffalo Sabres,4964591,BUF,667,00:22
2015020185,BUF,Jamie,McGinn,3,19:16,19:30,16,,,517,7,#002654,0,8473465,Buffalo Sabres,4964592,BUF,672,00:14
2015020185,TBL,Erik,Condra,1,02:16,03:03,1,,,517,14,#111111,0,8473588,Tampa Bay Lightning,4964593,TBL,104,00:47
2015020185,TBL,Erik,Condra,1,07:21,07:49,2,,,517,14,#111111,0,8473588,Tampa Bay Lightning,4964594,TBL,113,00:28
2015020185,TBL,Erik,Condra,1,09:49,10:09,3,,,517,14,#111111,0,8473588,Tampa Bay Lightning,4964595,TBL,118,00:20
2015020185,TBL,Erik,Condra,1,13:23,13:47,4,,,517,14,#111111,0,8473588,Tampa Bay Lightning,4964596,TBL,128,00:24
2015020185,TBL,Erik,Condra,1,16:15,17:17,5,,,517,14,#111111,0,8473588,Tampa Bay Lightning,4964597,TBL,138,01:02
2015020185,TBL,Erik,Condra,1,19:44,20:00,6,,,517,14,#111111,0,8473588,Tampa Bay Lightning,4964598,TBL,352,00:16
2015020185,TBL,Erik,Condra,2,04:13,05:05,7,,,517,14,#111111,0,8473588,Tampa Bay Lightning,4964599,TBL,361,00:52
2015020185,TBL,Erik,Condra,2,07:35,07:56,8,,,517,14,#111111,0,8473588,Tampa Bay Lightning,4964600,TBL,366,00:21
2015020185,TBL,Erik,Condra,2,10:36,12:00,9,,,517,14,#111111,0,8473588,Tampa Bay Lightning,4964601,TBL,373,01:24
2015020185,TBL,Erik,Condra,2,14:38,15:39,10,,,517,14,#111111,0,8473588,Tampa Bay Lightning,4964602,TBL,384,01:01
2015020185,TBL,Erik,Condra,3,00:00,00:52,11,,,517,14,#111111,0,8473588,Tampa Bay Lightning,4964603,TBL,394,00:52
2015020185,TBL,Erik,Condra,3,02:38,03:42,12,,,517,14,#111111,0,8473588,Tampa Bay Lightning,4964604,TBL,551,01:04
2015020185,TBL,Erik,Condra,3,06:41,06:56,13,,,517,14,#111111,0,8473588,Tampa Bay Lightning,4964605,TBL,564,00:15
2015020185,TBL,Erik,Condra,3,07:52,08:40,14,,,517,14,#111111,0,8473588,Tampa Bay Lightning,4964606,TBL,567,00:48
2015020185,TBL,Erik,Condra,3,13:37,14:34,15,,,517,14,#111111,0,8473588,Tampa Bay Lightning,4964607,TBL,579,00:57
2015020185,TBL,Erik,Condra,3,17:55,18:25,16,,,517,14,#111111,0,8473588,Tampa Bay Lightning,4964608,TBL,592,00:30
2015020185,TBL,Erik,Condra,3,19:30,20:00,17,,,517,14,#111111,0,8473588,Tampa Bay Lightning,4964609,TBL,595,00:30
2015020185,TBL,Alex,Killorn,1,03:03,03:57,1,,,517,14,#111111,0,8473986,Tampa Bay Lightning,4964610,TBL,105,00:54
2015020185,TBL,Alex,Killorn,1,05:55,07:16,2,,,517,14,#111111,0,8473986,Tampa Bay Lightning,4964611,TBL,111,01:21
2015020185,TBL,Alex,Killorn,1,09:01,10:02,3,,,517,14,#111111,0,8473986,Tampa Bay Lightning,4964612,TBL,117,01:01
2015020185,TBL,Alex,Killorn,1,10:49,11:35,4,,,517,14,#111111,0,8473986,Tampa Bay Lightning,4964613,TBL,121,00:46
2015020185,TBL,Alex,Killorn,1,14:22,15:09,5,,,517,14,#111111,0,8473986,Tampa Bay Lightning,4964614,TBL,133,00:47
2015020185,TBL,Alex,Killorn,1,18:20,19:00,6,,,517,14,#111111,0,8473986,Tampa Bay Lightning,4964615,TBL,146,00:40
2015020185,TBL,Alex,Killorn,2,01:45,03:02,7,,,517,14,#111111,0,8473986,Tampa Bay Lightning,4964616,TBL,357,01:17
2015020185,TBL,Alex,Killorn,2,08:26,09:44,8,,,517,14,#111111,0,8473986,Tampa Bay Lightning,4964617,TBL,368,01:18
2015020185,TBL,Alex,Killorn,2,12:28,13:31,9,,,517,14,#111111,0,8473986,Tampa Bay Lightning,4964618,TBL,378,01:03
2015020185,TBL,Alex,Killorn,2,17:03,17:51,10,,,517,14,#111111,0,8473986,Tampa Bay Lightning,4964619,TBL,388,00:48
2015020185,TBL,Alex,Killorn,3,00:52,01:36,11,,,517,14,#111111,0,8473986,Tampa Bay Lightning,4964620,TBL,396,00:44
2015020185,TBL,Alex,Killorn,3,03:35,04:38,12,,,517,14,#111111,0,8473986,Tampa Bay Lightning,4964621,TBL,554,01:03
2015020185,TBL,Alex,Killorn,3,06:56,07:41,13,,,517,14,#111111,0,8473986,Tampa Bay Lightning,4964622,TBL,565,00:45
2015020185,TBL,Alex,Killorn,3,10:43,11:26,14,,,517,14,#111111,0,8473986,Tampa Bay Lightning,4964623,TBL,572,00:43
2015020185,TBL,Alex,Killorn,3,14:40,15:31,15,,,517,14,#111111,0,8473986,Tampa Bay Lightning,4964624,TBL,582,00:51
2015020185,TBL,Alex,Killorn,3,16:32,17:55,16,,,517,14,#111111,0,8473986,Tampa Bay Lightning,4964625,TBL,589,01:23
2015020185,TBL,Alex,Killorn,3,18:25,19:30,17,,,517,14,#111111,0,8473986,Tampa Bay Lightning,4964626,TBL,594,01:05
2015020185,TBL,Jason,Garrison,1,01:03,02:16,1,,,517,14,#111111,0,8474520,Tampa Bay Lightning,4964627,TBL,103,01:13
2015020185,TBL,Jason,Garrison,1,03:57,05:14,2,,,517,14,#111111,0,8474520,Tampa Bay Lightning,4964628,TBL,106,01:17
2015020185,TBL,Jason,Garrison,1,07:25,07:49,3,,,517,14,#111111,0,8474520,Tampa Bay Lightning,4964629,TBL,114,00:24
2015020185,TBL,Jason,Garrison,1,08:28,09:01,4,,,517,14,#111111,0,8474520,Tampa Bay Lightning,4964630,TBL,116,00:33
2015020185,TBL,Jason,Garrison,1,10:09,10:49,5,,,517,14,#111111,0,8474520,Tampa Bay Lightning,4964631,TBL,120,00:40
2015020185,TBL,Jason,Garrison,1,11:30,12:19,6,,,517,14,#111111,0,8474520,Tampa Bay Lightning,4964632,TBL,122,00:49
2015020185,TBL,Jason,Garrison,1,13:18,14:10,7,,,517,14,#111111,0,8474520,Tampa Bay Lightning,4964633,TBL,127,00:52
2015020185,TBL,Jason,Garrison,1,15:57,17:08,8,,,517,14,#111111,0,8474520,Tampa Bay Lightning,4964634,TBL,137,01:11
2015020185,TBL,Jason,Garrison,1,19:00,19:28,9,,,517,14,#111111,0,8474520,Tampa Bay Lightning,4964635,TBL,149,00:28
2015020185,TBL,Jason,Garrison,2,03:02,04:03,10,,,517,14,#111111,0,8474520,Tampa Bay Lightning,4964636,TBL,358,01:01
2015020185,TBL,Jason,Garrison,2,05:05,05:12,11,,,517,14,#111111,0,8474520,Tampa Bay Lightning,4964637,TBL,362,00:07
2015020185,TBL,Jason,Garrison,2,06:29,07:35,12,,,517,14,#111111,0,8474520,Tampa Bay Lightning,4964638,TBL,365,01:06
2015020185,TBL,Jason,Garrison,2,08:26,09:44,13,,,517,14,#111111,0,8474520,Tampa Bay Lightning,4964639,TBL,368,01:18
2015020185,TBL,Jason,Garrison,2,11:51,12:27,14,,,517,14,#111111,0,8474520,Tampa Bay Lightning,4964640,TBL,375,00:36
2015020185,TBL,Jason,Garrison,2,13:31,14:16,15,,,517,14,#111111,0,8474520,Tampa Bay Lightning,4964641,TBL,380,00:45
2015020185,TBL,Jason,Garrison,2,17:03,17:51,16,,,517,14,#111111,0,8474520,Tampa Bay Lightning,4964642,TBL,388,00:48
2015020185,TBL,Jason,Garrison,2,18:21,18:47,17,,,517,14,#111111,0,8474520,Tampa Bay Lightning,4964643,TBL,391,00:26
2015020185,TBL,Jason,Garrison,3,00:52,01:27,18,,,517,14,#111111,0,8474520,Tampa Bay Lightning,4964644,TBL,396,00:35
2015020185,TBL,Jason,Garrison,3,03:09,03:35,19,,,517,14,#111111,0,8474520,Tampa Bay Lightning,4964645,TBL,553,00:26
2015020185,TBL,Jason,Garrison,3,04:31,04:45,20,,,517,14,#111111,0,8474520,Tampa Bay Lightning,4964646,TBL,556,00:14
2015020185,TBL,Jason,Garrison,3,05:14,05:47,21,,,517,14,#111111,0,8474520,Tampa Bay Lightning,4964647,TBL,560,00:33
2015020185,TBL,Jason,Garrison,3,06:56,07:52,22,,,517,14,#111111,0,8474520,Tampa Bay Lightning,4964648,TBL,565,00:56
2015020185,TBL,Jason,Garrison,3,09:32,10:43,23,,,517,14,#111111,0,8474520,Tampa Bay Lightning,4964649,TBL,570,01:11
2015020185,TBL,Jason,Garrison,3,12:35,13:26,24,,,517,14,#111111,0,8474520,Tampa Bay Lightning,4964650,TBL,576,00:51
2015020185,TBL,Jason,Garrison,3,15:08,15:37,25,,,517,14,#111111,0,8474520,Tampa Bay Lightning,4964651,TBL,583,00:29
2015020185,TBL,Jason,Garrison,3,16:45,17:40,26,,,517,14,#111111,0,8474520,Tampa Bay Lightning,4964652,TBL,590,00:55
2015020185,TBL,Jason,Garrison,3,19:30,20:00,27,,,517,14,#111111,0,8474520,Tampa Bay Lightning,4964653,TBL,595,00:30
2015020185,TBL,Steven,Stamkos,1,05:55,05:55,0,EVG,"Valtteri Filppula, Ondrej Palat",505,14,#111111,801,8474564,Tampa Bay Lightning,5275776,TBL,65,
2015020185,TBL,Steven,Stamkos,1,00:32,02:16,1,,,517,14,#111111,0,8474564,Tampa Bay Lightning,4964654,TBL,101,01:44
2015020185,TBL,Steven,Stamkos,1,05:14,05:55,2,,,517,14,#111111,0,8474564,Tampa Bay Lightning,4964655,TBL,110,00:41
2015020185,TBL,Steven,Stamkos,1,10:09,10:49,3,,,517,14,#111111,0,8474564,Tampa Bay Lightning,4964656,TBL,120,00:40
2015020185,TBL,Steven,Stamkos,1,12:19,13:23,4,,,517,14,#111111,0,8474564,Tampa Bay Lightning,4964657,TBL,124,01:04
2015020185,TBL,Steven,Stamkos,1,15:09,16:23,5,,,517,14,#111111,0,8474564,Tampa Bay Lightning,4964658,TBL,136,01:14
2015020185,TBL,Steven,Stamkos,1,18:55,19:44,6,,,517,14,#111111,0,8474564,Tampa Bay Lightning,4964659,TBL,148,00:49
2015020185,TBL,Steven,Stamkos,2,00:53,01:45,7,,,517,14,#111111,0,8474564,Tampa Bay Lightning,4964660,TBL,355,00:52
2015020185,TBL,Steven,Stamkos,2,03:02,03:53,8,,,517,14,#111111,0,8474564,Tampa Bay Lightning,4964661,TBL,358,00:51
2015020185,TBL,Steven,Stamkos,2,05:12,06:29,9,,,517,14,#111111,0,8474564,Tampa Bay Lightning,4964662,TBL,363,01:17
2015020185,TBL,Steven,Stamkos,2,09:40,10:50,10,,,517,14,#111111,0,8474564,Tampa Bay Lightning,4964663,TBL,370,01:10
2015020185,TBL,Steven,Stamkos,2,13:31,14:32,11,,,517,14,#111111,0,8474564,Tampa Bay Lightning,4964664,TBL,380,01:01
2015020185,TBL,Steven,Stamkos,2,17:51,18:21,12,,,517,14,#111111,0,8474564,Tampa Bay Lightning,4964665,TBL,390,00:30
2015020185,TBL,Steven,Stamkos,3,01:36,01:59,13,,,517,14,#111111,0,8474564,Tampa Bay Lightning,4964666,TBL,399,00:23
2015020185,TBL,Steven,Stamkos,3,04:42,05:32,14,,,517,14,#111111,0,8474564,Tampa Bay Lightning,4964667,TBL,558,00:50
2015020185,TBL,Steven,Stamkos,3,08:40,09:51,15,,,517,14,#111111,0,8474564,Tampa Bay Lightning,4964668,TBL,569,01:11
2015020185,TBL,Steven,Stamkos,3,11:26,12:35,16,,,517,14,#111111,0,8474564,Tampa Bay Lightning,4964669,TBL,575,01:09
2015020185,TBL,Steven,Stamkos,3,15:37,16:32,17,,,517,14,#111111,0,8474564,Tampa Bay Lightning,4964670,TBL,588,00:55
2015020185,BUF,Tyler,Ennis,1,00:42,01:42,1,,,517,7,#002654,0,8474589,Buffalo Sabres,4964671,BUF,151,01:00
2015020185,BUF,Tyler,Ennis,1,03:03,03:31,2,,,517,7,#002654,0,8474589,Buffalo Sabres,4964672,BUF,157,00:28
2015020185,BUF,Tyler,Ennis,1,05:15,06:26,3,,,517,7,#002654,0,8474589,Buffalo Sabres,4964673,BUF,162,01:11
2015020185,BUF,Tyler,Ennis,1,07:49,08:30,4,,,517,7,#002654,0,8474589,Buffalo Sabres,4964674,BUF,167,00:41
2015020185,BUF,Tyler,Ennis,1,10:49,11:35,5,,,517,7,#002654,0,8474589,Buffalo Sabres,4964675,BUF,174,00:46
2015020185,BUF,Tyler,Ennis,1,13:52,15:05,6,,,517,7,#002654,0,8474589,Buffalo Sabres,4964676,BUF,183,01:13
2015020185,BUF,Tyler,Ennis,1,17:17,18:17,7,,,517,7,#002654,0,8474589,Buffalo Sabres,4964677,BUF,193,01:00
2015020185,BUF,Tyler,Ennis,1,19:48,20:00,8,,,517,7,#002654,0,8474589,Buffalo Sabres,4964678,BUF,200,00:12
2015020185,BUF,Tyler,Ennis,2,01:24,01:45,9,,,517,7,#002654,0,8474589,Buffalo Sabres,4964679,BUF,306,00:21
2015020185,BUF,Tyler,Ennis,2,03:02,04:18,10,,,517,7,#002654,0,8474589,Buffalo Sabres,4964680,BUF,312,01:16
2015020185,BUF,Tyler,Ennis,2,08:26,09:35,11,,,517,7,#002654,0,8474589,Buffalo Sabres,4964681,BUF,328,01:09
2015020185,BUF,Tyler,Ennis,2,13:08,14:27,12,,,517,7,#002654,0,8474589,Buffalo Sabres,4964682,BUF,340,01:19
2015020185,BUF,Tyler,Ennis,2,17:03,17:56,13,,,517,7,#002654,0,8474589,Buffalo Sabres,4964683,BUF,350,00:53
2015020185,BUF,Tyler,Ennis,2,18:21,19:46,14,,,517,7,#002654,0,8474589,Buffalo Sabres,4964684,BUF,455,01:25
2015020185,BUF,Tyler,Ennis,3,00:00,00:43,15,,,517,7,#002654,0,8474589,Buffalo Sabres,4964685,BUF,461,00:43
2015020185,BUF,Tyler,Ennis,3,02:47,03:45,16,,,517,7,#002654,0,8474589,Buffalo Sabres,4964686,BUF,471,00:58
2015020185,BUF,Tyler,Ennis,3,05:30,06:42,17,,,517,7,#002654,0,8474589,Buffalo Sabres,4964687,BUF,479,01:12
2015020185,BUF,Tyler,Ennis,3,08:41,09:48,18,,,517,7,#002654,0,8474589,Buffalo Sabres,4964688,BUF,488,01:07
2015020185,BUF,Tyler,Ennis,3,11:20,11:26,19,,,517,7,#002654,0,8474589,Buffalo Sabres,4964689,BUF,494,00:06
2015020185,BUF,Tyler,Ennis,3,14:46,15:37,20,,,517,7,#002654,0,8474589,Buffalo Sabres,4964690,BUF,653,00:51
2015020185,BUF,Tyler,Ennis,3,17:50,19:30,21,,,517,7,#002654,0,8474589,Buffalo Sabres,4964691,BUF,665,01:40
2015020185,TBL,Tyler,Johnson,1,11:35,11:35,0,EVG,"Alex Killorn, Nikita Kucherov",505,14,#111111,803,8474870,Tampa Bay Lightning,5275777,TBL,84,
2015020185,TBL,Tyler,Johnson,1,03:03,04:06,1,,,517,14,#111111,0,8474870,Tampa Bay Lightning,4964692,TBL,105,01:03
2015020185,TBL,Tyler,Johnson,1,05:55,07:21,2,,,517,14,#111111,0,8474870,Tampa Bay Lightning,4964693,TBL,111,01:26
2015020185,TBL,Tyler,Johnson,1,10:49,11:35,3,,,517,14,#111111,0,8474870,Tampa Bay Lightning,4964694,TBL,121,00:46
2015020185,TBL,Tyler,Johnson,1,14:22,15:09,4,,,517,14,#111111,0,8474870,Tampa Bay Lightning,4964695,TBL,133,00:47
2015020185,TBL,Tyler,Johnson,1,18:03,18:55,5,,,517,14,#111111,0,8474870,Tampa Bay Lightning,4964696,TBL,144,00:52
2015020185,TBL,Tyler,Johnson,2,01:45,03:02,6,,,517,14,#111111,0,8474870,Tampa Bay Lightning,4964697,TBL,357,01:17
2015020185,TBL,Tyler,Johnson,2,05:12,06:29,7,,,517,14,#111111,0,8474870,Tampa Bay Lightning,4964698,TBL,363,01:17
2015020185,TBL,Tyler,Johnson,2,08:26,09:40,8,,,517,14,#111111,0,8474870,Tampa Bay Lightning,4964699,TBL,368,01:14
2015020185,TBL,Tyler,Johnson,2,12:28,13:31,9,,,517,14,#111111,0,8474870,Tampa Bay Lightning,4964700,TBL,378,01:03
2015020185,TBL,Tyler,Johnson,2,16:42,17:51,10,,,517,14,#111111,0,8474870,Tampa Bay Lightning,4964701,TBL,387,01:09
2015020185,TBL,Tyler,Johnson,2,18:35,20:00,11,,,517,14,#111111,0,8474870,Tampa Bay Lightning,4964702,TBL,392,01:25
2015020185,TBL,Tyler,Johnson,3,00:52,01:36,12,,,517,14,#111111,0,8474870,Tampa Bay Lightning,4964703,TBL,396,00:44
2015020185,TBL,Tyler,Johnson,3,03:35,04:42,13,,,517,14,#111111,0,8474870,Tampa Bay Lightning,4964704,TBL,554,01:07
2015020185,TBL,Tyler,Johnson,3,06:56,07:52,14,,,517,14,#111111,0,8474870,Tampa Bay Lightning,4964705,TBL,565,00:56
2015020185,TBL,Tyler,Johnson,3,10:43,12:50,15,,,517,14,#111111,0,8474870,Tampa Bay Lightning,4964706,TBL,572,02:07
2015020185,TBL,Tyler,Johnson,3,14:34,15:29,16,,,517,14,#111111,0,8474870,Tampa Bay Lightning,4964707,TBL,581,00:55
2015020185,TBL,Tyler,Johnson,3,15:37,16:32,17,,,517,14,#111111,0,8474870,Tampa Bay Lightning,4964708,TBL,588,00:55
2015020185,BUF,Ryan,O'Reilly,1,00:50,01:24,1,,,517,7,#002654,0,8475158,Buffalo Sabres,4964709,BUF,152,00:34
2015020185,BUF,Ryan,O'Reilly,1,03:03,03:31,2,,,517,7,#002654,0,8475158,Buffalo Sabres,4964710,BUF,157,00:28
2015020185,BUF,Ryan,O'Reilly,1,05:15,06:26,3,,,517,7,#002654,0,8475158,Buffalo Sabres,4964711,BUF,162,01:11
2015020185,BUF,Ryan,O'Reilly,1,07:49,08:30,4,,,517,7,#002654,0,8475158,Buffalo Sabres,4964712,BUF,167,00:41
2015020185,BUF,Ryan,O'Reilly,1,10:49,11:18,5,,,517,7,#002654,0,8475158,Buffalo Sabres,4964713,BUF,174,00:29
2015020185,BUF,Ryan,O'Reilly,1,13:52,15:05,6,,,517,7,#002654,0,8475158,Buffalo Sabres,4964714,BUF,183,01:13
2015020185,BUF,Ryan,O'Reilly,1,17:17,18:08,7,,,517,7,#002654,0,8475158,Buffalo Sabres,4964715,BUF,193,00:51
2015020185,BUF,Ryan,O'Reilly,1,19:48,20:00,8,,,517,7,#002654,0,8475158,Buffalo Sabres,4964716,BUF,200,00:12
2015020185,BUF,Ryan,O'Reilly,2,01:11,01:45,9,,,517,7,#002654,0,8475158,Buffalo Sabres,4964717,BUF,304,00:34
2015020185,BUF,Ryan,O'Reilly,2,03:02,04:03,10,,,517,7,#002654,0,8475158,Buffalo Sabres,4964718,BUF,312,01:01
2015020185,BUF,Ryan,O'Reilly,2,05:12,05:56,11,,,517,7,#002654,0,8475158,Buffalo Sabres,4964719,BUF,319,00:44
2015020185,BUF,Ryan,O'Reilly,2,06:29,07:32,12,,,517,7,#002654,0,8475158,Buffalo Sabres,4964720,BUF,322,01:03
2015020185,BUF,Ryan,O'Reilly,2,08:26,09:30,13,,,517,7,#002654,0,8475158,Buffalo Sabres,4964721,BUF,328,01:04
2015020185,BUF,Ryan,O'Reilly,2,13:08,14:27,14,,,517,7,#002654,0,8475158,Buffalo Sabres,4964722,BUF,340,01:19
2015020185,BUF,Ryan,O'Reilly,2,16:46,17:53,15,,,517,7,#002654,0,8475158,Buffalo Sabres,4964723,BUF,349,01:07
2015020185,BUF,Ryan,O'Reilly,2,18:21,19:20,16,,,517,7,#002654,0,8475158,Buffalo Sabres,4964724,BUF,455,00:59
2015020185,BUF,Ryan,O'Reilly,3,00:00,00:41,17,,,517,7,#002654,0,8475158,Buffalo Sabres,4964725,BUF,461,00:41
2015020185,BUF,Ryan,O'Reilly,3,02:58,03:54,18,,,517,7,#002654,0,8475158,Buffalo Sabres,4964726,BUF,472,00:56
2015020185,BUF,Ryan,O'Reilly,3,05:30,06:42,19,,,517,7,#002654,0,8475158,Buffalo Sabres,4964727,BUF,479,01:12
2015020185,BUF,Ryan,O'Reilly,3,08:41,09:48,20,,,517,7,#002654,0,8475158,Buffalo Sabres,4964728,BUF,488,01:07
2015020185,BUF,Ryan,O'Reilly,3,11:20,12:04,21,,,517,7,#002654,0,8475158,Buffalo Sabres,4964729,BUF,494,00:44
2015020185,BUF,Ryan,O'Reilly,3,12:47,13:32,22,,,517,7,#002654,0,8475158,Buffalo Sabres,4964730,BUF,498,00:45
2015020185,BUF,Ryan,O'Reilly,3,14:46,15:11,23,,,517,7,#002654,0,8475158,Buffalo Sabres,4964731,BUF,653,00:25
2015020185,BUF,Ryan,O'Reilly,3,15:37,16:09,24,,,517,7,#002654,0,8475158,Buffalo Sabres,4964732,BUF,655,00:32
2015020185,BUF,Ryan,O'Reilly,3,17:18,17:56,25,,,517,7,#002654,0,8475158,Buffalo Sabres,4964733,BUF,660,00:38
2015020185,BUF,Ryan,O'Reilly,3,18:25,19:30,26,,,517,7,#002654,0,8475158,Buffalo Sabres,4964734,BUF,670,01:05
2015020185,TBL,Victor,Hedman,1,00:00,00:32,1,,,517,14,#111111,0,8475167,Tampa Bay Lightning,4964735,TBL,4,00:32
2015020185,TBL,Victor,Hedman,1,03:03,04:16,2,,,517,14,#111111,0,8475167,Tampa Bay Lightning,4964736,TBL,105,01:13
2015020185,TBL,Victor,Hedman,1,05:55,07:25,3,,,517,14,#111111,0,8475167,Tampa Bay Lightning,4964737,TBL,111,01:30
2015020185,TBL,Victor,Hedman,1,08:28,09:01,4,,,517,14,#111111,0,8475167,Tampa Bay Lightning,4964738,TBL,116,00:33
2015020185,TBL,Victor,Hedman,1,12:19,13:31,5,,,517,14,#111111,0,8475167,Tampa Bay Lightning,4964739,TBL,124,01:12
2015020185,TBL,Victor,Hedman,1,15:02,15:57,6,,,517,14,#111111,0,8475167,Tampa Bay Lightning,4964740,TBL,135,00:55
2015020185,TBL,Victor,Hedman,1,18:17,19:10,7,,,517,14,#111111,0,8475167,Tampa Bay Lightning,4964741,TBL,145,00:53
2015020185,TBL,Victor,Hedman,1,19:28,20:00,8,,,517,14,#111111,0,8475167,Tampa Bay Lightning,4964742,TBL,351,00:32
2015020185,TBL,Victor,Hedman,2,00:00,00:13,9,,,517,14,#111111,0,8475167,Tampa Bay Lightning,4964743,TBL,353,00:13
2015020185,TBL,Victor,Hedman,2,01:45,03:02,10,,,517,14,#111111,0,8475167,Tampa Bay Lightning,4964744,TBL,357,01:17
2015020185,TBL,Victor,Hedman,2,06:29,07:35,11,,,517,14,#111111,0,8475167,Tampa Bay Lightning,4964745,TBL,365,01:06
2015020185,TBL,Victor,Hedman,2,07:56,08:26,12,,,517,14,#111111,0,8475167,Tampa Bay Lightning,4964746,TBL,367,00:30
2015020185,TBL,Victor,Hedman,2,10:24,11:51,13,,,517,14,#111111,0,8475167,Tampa Bay Lightning,4964747,TBL,372,01:27
2015020185,TBL,Victor,Hedman,2,14:16,15:32,14,,,517,14,#111111,0,8475167,Tampa Bay Lightning,4964748,TBL,381,01:16
2015020185,TBL,Victor,Hedman,2,17:45,18:47,15,,,517,14,#111111,0,8475167,Tampa Bay Lightning,4964749,TBL,389,01:02
2015020185,TBL,Victor,Hedman,3,19:30,19:30,0,EVG,Andrej Sustr,505,14,#111111,803,8475167,Tampa Bay Lightning,5275780,TBL,602,
2015020185,TBL,Victor,Hedman,3,00:00,01:08,16,,,517,14,#111111,0,8475167,Tampa Bay Lightning,4964750,TBL,394,01:08
2015020185,TBL,Victor,Hedman,3,01:36,01:59,17,,,517,14,#111111,0,8475167,Tampa Bay Lightning,4964751,TBL,399,00:23
2015020185,TBL,Victor,Hedman,3,03:35,04:31,18,,,517,14,#111111,0,8475167,Tampa Bay Lightning,4964752,TBL,554,00:56
2015020185,TBL,Victor,Hedman,3,05:47,06:56,19,,,517,14,#111111,0,8475167,Tampa Bay Lightning,4964753,TBL,563,01:09
2015020185,TBL,Victor,Hedman,3,08:40,09:32,20,,,517,14,#111111,0,8475167,Tampa Bay Lightning,4964754,TBL,569,00:52
2015020185,TBL,Victor,Hedman,3,11:25,12:35,21,,,517,14,#111111,0,8475167,Tampa Bay Lightning,4964755,TBL,574,01:10
2015020185,TBL,Victor,Hedman,3,14:14,15:12,22,,,517,14,#111111,0,8475167,Tampa Bay Lightning,4964756,TBL,580,00:58
2015020185,TBL,Victor,Hedman,3,15:37,16:45,23,,,517,14,#111111,0,8475167,Tampa Bay Lightning,4964757,TBL,588,01:08
2015020185,TBL,Victor,Hedman,3,18:13,19:30,24,,,517,14,#111111,0,8475167,Tampa Bay Lightning,4964758,TBL,593,01:17
2015020185,BUF,Marcus,Foligno,1,00:00,00:42,1,,,517,7,#002654,0,8475220,Buffalo Sabres,4964759,BUF,3,00:42
2015020185,BUF,Marcus,Foligno,1,03:31,04:14,2,,,517,7,#002654,0,8475220,Buffalo Sabres,4964760,BUF,158,00:43
2015020185,BUF,Marcus,Foligno,1,10:00,10:49,3,,,517,7,#002654,0,8475220,Buffalo Sabres,4964761,BUF,171,00:49
2015020185,BUF,Marcus,Foligno,1,11:35,12:21,4,,,517,7,#002654,0,8475220,Buffalo Sabres,4964762,BUF,177,00:46
2015020185,BUF,Marcus,Foligno,1,16:17,16:34,5,,,517,7,#002654,0,8475220,Buffalo Sabres,4964763,BUF,191,00:17
2015020185,BUF,Marcus,Foligno,1,18:46,19:48,6,,,517,7,#002654,0,8475220,Buffalo Sabres,4964764,BUF,198,01:02
2015020185,BUF,Marcus,Foligno,2,00:00,01:24,7,,,517,7,#002654,0,8475220,Buffalo Sabres,4964765,BUF,302,01:24
2015020185,BUF,Marcus,Foligno,2,04:18,05:12,8,,,517,7,#002654,0,8475220,Buffalo Sabres,4964766,BUF,316,00:54
2015020185,BUF,Marcus,Foligno,2,09:35,10:47,9,,,517,7,#002654,0,8475220,Buffalo Sabres,4964767,BUF,333,01:12
2015020185,BUF,Marcus,Foligno,2,14:27,15:01,10,,,517,7,#002654,0,8475220,Buffalo Sabres,4964768,BUF,342,00:34
2015020185,BUF,Marcus,Foligno,2,17:56,18:21,11,,,517,7,#002654,0,8475220,Buffalo Sabres,4964769,BUF,453,00:25
2015020185,BUF,Marcus,Foligno,3,01:59,02:47,12,,,517,7,#002654,0,8475220,Buffalo Sabres,4964770,BUF,468,00:48
2015020185,BUF,Marcus,Foligno,3,09:48,10:29,13,,,517,7,#002654,0,8475220,Buffalo Sabres,4964771,BUF,492,00:41
2015020185,BUF,Marcus,Foligno,3,19:30,20:00,14,,,517,7,#002654,0,8475220,Buffalo Sabres,4964772,BUF,673,00:30
2015020185,BUF,Nicolas,Deslauriers,1,00:42,01:24,1,,,517,7,#002654,0,8475235,Buffalo Sabres,4964773,BUF,151,00:42
2015020185,BUF,Nicolas,Deslauriers,1,03:03,03:31,2,,,517,7,#002654,0,8475235,Buffalo Sabres,4964774,BUF,157,00:28
2015020185,BUF,Nicolas,Deslauriers,1,05:15,06:26,3,,,517,7,#002654,0,8475235,Buffalo Sabres,4964775,BUF,162,01:11
2015020185,BUF,Nicolas,Deslauriers,1,10:00,10:49,4,,,517,7,#002654,0,8475235,Buffalo Sabres,4964776,BUF,171,00:49
2015020185,BUF,Nicolas,Deslauriers,1,13:22,14:22,5,,,517,7,#002654,0,8475235,Buffalo Sabres,4964777,BUF,181,01:00
2015020185,BUF,Nicolas,Deslauriers,1,16:34,17:17,6,,,517,7,#002654,0,8475235,Buffalo Sabres,4964778,BUF,192,00:43
2015020185,BUF,Nicolas,Deslauriers,2,10:54,11:58,7,,,517,7,#002654,0,8475235,Buffalo Sabres,4964779,BUF,335,01:04
2015020185,BUF,Nicolas,Deslauriers,3,01:59,03:04,8,,,517,7,#002654,0,8475235,Buffalo Sabres,4964780,BUF,468,01:05
2015020185,BUF,Nicolas,Deslauriers,3,06:28,06:42,9,,,517,7,#002654,0,8475235,Buffalo Sabres,4964781,BUF,482,00:14
2015020185,BUF,Nicolas,Deslauriers,3,09:40,10:29,10,,,517,7,#002654,0,8475235,Buffalo Sabres,4964782,BUF,491,00:49
2015020185,BUF,Johan,Larsson,1,00:00,00:42,1,,,517,7,#002654,0,8475728,Buffalo Sabres,4964783,BUF,3,00:42
2015020185,BUF,Johan,Larsson,1,03:31,04:14,2,,,517,7,#002654,0,8475728,Buffalo Sabres,4964784,BUF,158,00:43
2015020185,BUF,Johan,Larsson,1,08:30,09:34,3,,,517,7,#002654,0,8475728,Buffalo Sabres,4964785,BUF,168,01:04
2015020185,BUF,Johan,Larsson,1,11:35,12:31,4,,,517,7,#002654,0,8475728,Buffalo Sabres,4964786,BUF,177,00:56
2015020185,BUF,Johan,Larsson,1,16:12,16:34,5,,,517,7,#002654,0,8475728,Buffalo Sabres,4964787,BUF,190,00:22
2015020185,BUF,Johan,Larsson,1,18:46,19:41,6,,,517,7,#002654,0,8475728,Buffalo Sabres,4964788,BUF,198,00:55
2015020185,BUF,Johan,Larsson,2,00:00,01:17,7,,,517,7,#002654,0,8475728,Buffalo Sabres,4964789,BUF,302,01:17
2015020185,BUF,Johan,Larsson,2,04:18,05:12,8,,,517,7,#002654,0,8475728,Buffalo Sabres,4964790,BUF,316,00:54
2015020185,BUF,Johan,Larsson,2,07:32,07:56,9,,,517,7,#002654,0,8475728,Buffalo Sabres,4964791,BUF,326,00:24
2015020185,BUF,Johan,Larsson,2,09:28,10:54,10,,,517,7,#002654,0,8475728,Buffalo Sabres,4964792,BUF,331,01:26
2015020185,BUF,Johan,Larsson,2,14:41,15:57,11,,,517,7,#002654,0,8475728,Buffalo Sabres,4964793,BUF,343,01:16
2015020185,BUF,Johan,Larsson,2,17:58,18:21,12,,,517,7,#002654,0,8475728,Buffalo Sabres,4964794,BUF,454,00:23
2015020185,BUF,Johan,Larsson,2,19:20,20:00,13,,,517,7,#002654,0,8475728,Buffalo Sabres,4964795,BUF,457,00:40
2015020185,BUF,Johan,Larsson,3,01:18,01:59,14,,,517,7,#002654,0,8475728,Buffalo Sabres,4964796,BUF,465,00:41
2015020185,BUF,Johan,Larsson,3,04:38,05:30,15,,,517,7,#002654,0,8475728,Buffalo Sabres,4964797,BUF,477,00:52
2015020185,BUF,Johan,Larsson,3,07:40,08:41,16,,,517,7,#002654,0,8475728,Buffalo Sabres,4964798,BUF,486,01:01
2015020185,BUF,Johan,Larsson,3,13:32,14:46,17,,,517,7,#002654,0,8475728,Buffalo Sabres,4964799,BUF,500,01:14
2015020185,BUF,Johan,Larsson,3,18:43,19:16,18,,,517,7,#002654,0,8475728,Buffalo Sabres,4964800,BUF,671,00:33
2015020185,BUF,Mark,Pysyk,1,01:24,02:18,1,,,517,7,#002654,0,8475796,Buffalo Sabres,4964801,BUF,153,00:54
2015020185,BUF,Mark,Pysyk,1,04:46,05:28,2,,,517,7,#002654,0,8475796,Buffalo Sabres,4964802,BUF,161,00:42
2015020185,BUF,Mark,Pysyk,1,07:21,07:49,3,,,517,7,#002654,0,8475796,Buffalo Sabres,4964803,BUF,166,00:28
2015020185,BUF,Mark,Pysyk,1,10:34,10:49,4,,,517,7,#002654,0,8475796,Buffalo Sabres,4964804,BUF,173,00:15
2015020185,BUF,Mark,Pysyk,1,11:18,11:35,5,,,517,7,#002654,0,8475796,Buffalo Sabres,4964805,BUF,175,00:17
2015020185,BUF,Mark,Pysyk,1,16:04,17:17,6,,,517,7,#002654,0,8475796,Buffalo Sabres,4964806,BUF,189,01:13
2015020185,BUF,Mark,Pysyk,1,18:46,19:48,7,,,517,7,#002654,0,8475796,Buffalo Sabres,4964807,BUF,198,01:02
2015020185,BUF,Mark,Pysyk,2,01:45,02:45,8,,,517,7,#002654,0,8475796,Buffalo Sabres,4964808,BUF,307,01:00
2015020185,BUF,Mark,Pysyk,2,04:18,04:21,9,,,517,7,#002654,0,8475796,Buffalo Sabres,4964809,BUF,316,00:03
2015020185,BUF,Mark,Pysyk,2,04:53,05:12,10,,,517,7,#002654,0,8475796,Buffalo Sabres,4964810,BUF,318,00:19
2015020185,BUF,Mark,Pysyk,2,07:26,08:26,11,,,517,7,#002654,0,8475796,Buffalo Sabres,4964811,BUF,325,01:00
2015020185,BUF,Mark,Pysyk,2,10:54,12:15,12,,,517,7,#002654,0,8475796,Buffalo Sabres,4964812,BUF,335,01:21
2015020185,BUF,Mark,Pysyk,2,14:41,15:46,13,,,517,7,#002654,0,8475796,Buffalo Sabres,4964813,BUF,343,01:05
2015020185,BUF,Mark,Pysyk,2,16:22,17:03,14,,,517,7,#002654,0,8475796,Buffalo Sabres,4964814,BUF,348,00:41
2015020185,BUF,Mark,Pysyk,3,01:45,02:44,15,,,517,7,#002654,0,8475796,Buffalo Sabres,4964815,BUF,467,00:59
2015020185,BUF,Mark,Pysyk,3,04:23,05:07,16,,,517,7,#002654,0,8475796,Buffalo Sabres,4964816,BUF,476,00:44
2015020185,BUF,Mark,Pysyk,3,06:30,06:42,17,,,517,7,#002654,0,8475796,Buffalo Sabres,4964817,BUF,483,00:12
2015020185,BUF,Mark,Pysyk,3,07:40,09:12,18,,,517,7,#002654,0,8475796,Buffalo Sabres,4964818,BUF,486,01:32
2015020185,BUF,Mark,Pysyk,3,10:29,11:26,19,,,517,7,#002654,0,8475796,Buffalo Sabres,4964819,BUF,493,00:57
2015020185,BUF,Mark,Pysyk,3,14:46,15:37,20,,,517,7,#002654,0,8475796,Buffalo Sabres,4964820,BUF,653,00:51
2015020185,BUF,Mark,Pysyk,3,18:15,18:25,21,,,517,7,#002654,0,8475796,Buffalo Sabres,4964821,BUF,668,00:10
2015020185,BUF,Mark,Pysyk,3,19:30,20:00,22,,,517,7,#002654,0,8475796,Buffalo Sabres,4964822,BUF,673,00:30
2015020185,TBL,Ondrej,Palat,1,00:41,02:16,1,,,517,14,#111111,0,8476292,Tampa Bay Lightning,4964823,TBL,102,01:35
2015020185,TBL,Ondrej,Palat,1,05:14,05:55,2,,,517,14,#111111,0,8476292,Tampa Bay Lightning,4964824,TBL,110,00:41
2015020185,TBL,Ondrej,Palat,1,08:28,09:01,3,,,517,14,#111111,0,8476292,Tampa Bay Lightning,4964825,TBL,116,00:33
2015020185,TBL,Ondrej,Palat,1,10:02,10:49,4,,,517,14,#111111,0,8476292,Tampa Bay Lightning,4964826,TBL,119,00:47
2015020185,TBL,Ondrej,Palat,1,12:33,13:31,5,,,517,14,#111111,0,8476292,Tampa Bay Lightning,4964827,TBL,126,00:58
2015020185,TBL,Ondrej,Palat,1,15:09,16:15,6,,,517,14,#111111,0,8476292,Tampa Bay Lightning,4964828,TBL,136,01:06
2015020185,TBL,Ondrej,Palat,1,19:00,19:44,7,,,517,14,#111111,0,8476292,Tampa Bay Lightning,4964829,TBL,149,00:44
2015020185,TBL,Ondrej,Palat,2,01:39,01:45,8,,,517,14,#111111,0,8476292,Tampa Bay Lightning,4964830,TBL,356,00:06
2015020185,TBL,Ondrej,Palat,2,03:02,04:13,9,,,517,14,#111111,0,8476292,Tampa Bay Lightning,4964831,TBL,358,01:11
2015020185,TBL,Ondrej,Palat,2,05:12,06:17,10,,,517,14,#111111,0,8476292,Tampa Bay Lightning,4964832,TBL,363,01:05
2015020185,TBL,Ondrej,Palat,2,09:44,10:24,11,,,517,14,#111111,0,8476292,Tampa Bay Lightning,4964833,TBL,371,00:40
2015020185,TBL,Ondrej,Palat,2,13:31,14:27,12,,,517,14,#111111,0,8476292,Tampa Bay Lightning,4964834,TBL,380,00:56
2015020185,TBL,Ondrej,Palat,2,17:51,18:21,13,,,517,14,#111111,0,8476292,Tampa Bay Lightning,4964835,TBL,390,00:30
2015020185,TBL,Ondrej,Palat,2,18:35,20:00,14,,,517,14,#111111,0,8476292,Tampa Bay Lightning,4964836,TBL,392,01:25
2015020185,TBL,Ondrej,Palat,3,01:36,01:59,15,,,517,14,#111111,0,8476292,Tampa Bay Lightning,4964837,TBL,399,00:23
2015020185,TBL,Ondrej,Palat,3,04:38,05:42,16,,,517,14,#111111,0,8476292,Tampa Bay Lightning,4964838,TBL,557,01:04
2015020185,TBL,Ondrej,Palat,3,08:32,09:51,17,,,517,14,#111111,0,8476292,Tampa Bay Lightning,4964839,TBL,568,01:19
2015020185,TBL,Ondrej,Palat,3,11:26,12:35,18,,,517,14,#111111,0,8476292,Tampa Bay Lightning,4964840,TBL,575,01:09
2015020185,TBL,Ondrej,Palat,3,15:37,16:32,19,,,517,14,#111111,0,8476292,Tampa Bay Lightning,4964841,TBL,588,00:55
2015020185,TBL,Ondrej,Palat,3,18:25,19:30,20,,,517,14,#111111,0,8476292,Tampa Bay Lightning,4964842,TBL,594,01:05
2015020185,TBL,Nikita,Nesterov,1,00:32,02:16,1,,,517,14,#111111,0,8476300,Tampa Bay Lightning,4964843,TBL,101,01:44
2015020185,TBL,Nikita,Nesterov,1,04:16,05:14,2,,,517,14,#111111,0,8476300,Tampa Bay Lightning,4964844,TBL,108,00:58
2015020185,TBL,Nikita,Nesterov,1,07:25,07:49,3,,,517,14,#111111,0,8476300,Tampa Bay Lightning,4964845,TBL,114,00:24
2015020185,TBL,Nikita,Nesterov,1,10:09,10:49,4,,,517,14,#111111,0,8476300,Tampa Bay Lightning,4964846,TBL,120,00:40
2015020185,TBL,Nikita,Nesterov,1,11:30,12:19,5,,,517,14,#111111,0,8476300,Tampa Bay Lightning,4964847,TBL,122,00:49
2015020185,TBL,Nikita,Nesterov,1,13:31,14:15,6,,,517,14,#111111,0,8476300,Tampa Bay Lightning,4964848,TBL,129,00:44
2015020185,TBL,Nikita,Nesterov,1,15:57,17:08,7,,,517,14,#111111,0,8476300,Tampa Bay Lightning,4964849,TBL,137,01:11
2015020185,TBL,Nikita,Nesterov,2,03:02,04:03,8,,,517,14,#111111,0,8476300,Tampa Bay Lightning,4964850,TBL,358,01:01
2015020185,TBL,Nikita,Nesterov,2,05:05,05:12,9,,,517,14,#111111,0,8476300,Tampa Bay Lightning,4964851,TBL,362,00:07
2015020185,TBL,Nikita,Nesterov,2,09:44,10:24,10,,,517,14,#111111,0,8476300,Tampa Bay Lightning,4964852,TBL,371,00:40
2015020185,TBL,Nikita,Nesterov,2,12:27,13:02,11,,,517,14,#111111,0,8476300,Tampa Bay Lightning,4964853,TBL,377,00:35
2015020185,TBL,Nikita,Nesterov,2,15:32,17:03,12,,,517,14,#111111,0,8476300,Tampa Bay Lightning,4964854,TBL,385,01:31
2015020185,TBL,Nikita,Nesterov,3,01:59,03:09,13,,,517,14,#111111,0,8476300,Tampa Bay Lightning,4964855,TBL,400,01:10
2015020185,TBL,Nikita,Nesterov,3,04:45,05:14,14,,,517,14,#111111,0,8476300,Tampa Bay Lightning,4964856,TBL,559,00:29
2015020185,TBL,Nikita,Nesterov,3,07:52,08:40,15,,,517,14,#111111,0,8476300,Tampa Bay Lightning,4964857,TBL,567,00:48
2015020185,TBL,Nikita,Nesterov,3,10:43,11:25,16,,,517,14,#111111,0,8476300,Tampa Bay Lightning,4964858,TBL,572,00:42
2015020185,TBL,Nikita,Nesterov,3,12:50,13:37,17,,,517,14,#111111,0,8476300,Tampa Bay Lightning,4964859,TBL,577,00:47
2015020185,TBL,Nikita,Nesterov,3,15:12,15:37,18,,,517,14,#111111,0,8476300,Tampa Bay Lightning,4964860,TBL,584,00:25
2015020185,TBL,Nikita,Nesterov,3,16:45,17:40,19,,,517,14,#111111,0,8476300,Tampa Bay Lightning,4964861,TBL,590,00:55
2015020185,TBL,Nikita,Kucherov,1,18:20,18:20,0,EVG,"Vladislav Namestnikov, Braydon Coburn",505,14,#111111,803,8476453,Tampa Bay Lightning,5275778,TBL,252,
2015020185,TBL,Nikita,Kucherov,1,03:03,03:57,1,,,517,14,#111111,0,8476453,Tampa Bay Lightning,4964862,TBL,105,00:54
2015020185,TBL,Nikita,Kucherov,1,05:55,07:21,2,,,517,14,#111111,0,8476453,Tampa Bay Lightning,4964863,TBL,111,01:26
2015020185,TBL,Nikita,Kucherov,1,10:49,11:35,3,,,517,14,#111111,0,8476453,Tampa Bay Lightning,4964864,TBL,121,00:46
2015020185,TBL,Nikita,Kucherov,1,14:22,14:48,4,,,517,14,#111111,0,8476453,Tampa Bay Lightning,4964865,TBL,133,00:26
2015020185,TBL,Nikita,Kucherov,1,18:03,18:47,5,,,517,14,#111111,0,8476453,Tampa Bay Lightning,4964866,TBL,144,00:44
2015020185,TBL,Nikita,Kucherov,2,01:45,03:02,6,,,517,14,#111111,0,8476453,Tampa Bay Lightning,4964867,TBL,357,01:17
2015020185,TBL,Nikita,Kucherov,2,05:12,06:29,7,,,517,14,#111111,0,8476453,Tampa Bay Lightning,4964868,TBL,363,01:17
2015020185,TBL,Nikita,Kucherov,2,08:26,09:32,8,,,517,14,#111111,0,8476453,Tampa Bay Lightning,4964869,TBL,368,01:06
2015020185,TBL,Nikita,Kucherov,2,12:28,13:31,9,,,517,14,#111111,0,8476453,Tampa Bay Lightning,4964870,TBL,378,01:03
2015020185,TBL,Nikita,Kucherov,2,17:03,17:51,10,,,517,14,#111111,0,8476453,Tampa Bay Lightning,4964871,TBL,388,00:48
2015020185,TBL,Nikita,Kucherov,3,00:52,01:27,11,,,517,14,#111111,0,8476453,Tampa Bay Lightning,4964872,TBL,396,00:35
2015020185,TBL,Nikita,Kucherov,3,03:42,04:38,12,,,517,14,#111111,0,8476453,Tampa Bay Lightning,4964873,TBL,555,00:56
2015020185,TBL,Nikita,Kucherov,3,06:56,07:52,13,,,517,14,#111111,0,8476453,Tampa Bay Lightning,4964874,TBL,565,00:56
2015020185,TBL,Nikita,Kucherov,3,10:43,12:50,14,,,517,14,#111111,0,8476453,Tampa Bay Lightning,4964875,TBL,572,02:07
2015020185,TBL,Nikita,Kucherov,3,14:34,15:35,15,,,517,14,#111111,0,8476453,Tampa Bay Lightning,4964876,TBL,581,01:01
2015020185,TBL,Nikita,Kucherov,3,15:37,16:45,16,,,517,14,#111111,0,8476453,Tampa Bay Lightning,4964877,TBL,588,01:08
2015020185,TBL,Vladislav,Namestnikov,1,00:00,00:41,1,,,517,14,#111111,0,8476480,Tampa Bay Lightning,4964878,TBL,4,00:41
2015020185,TBL,Vladislav,Namestnikov,1,03:57,05:14,2,,,517,14,#111111,0,8476480,Tampa Bay Lightning,4964879,TBL,106,01:17
2015020185,TBL,Vladislav,Namestnikov,1,11:35,12:33,3,,,517,14,#111111,0,8476480,Tampa Bay Lightning,4964880,TBL,123,00:58
2015020185,TBL,Vladislav,Namestnikov,1,13:47,14:22,4,,,517,14,#111111,0,8476480,Tampa Bay Lightning,4964881,TBL,130,00:35
2015020185,TBL,Vladislav,Namestnikov,1,17:43,18:20,5,,,517,14,#111111,0,8476480,Tampa Bay Lightning,4964882,TBL,143,00:37
2015020185,TBL,Vladislav,Namestnikov,2,00:00,01:39,6,,,517,14,#111111,0,8476480,Tampa Bay Lightning,4964883,TBL,353,01:39
2015020185,TBL,Vladislav,Namestnikov,2,05:05,05:12,7,,,517,14,#111111,0,8476480,Tampa Bay Lightning,4964884,TBL,362,00:07
2015020185,TBL,Vladislav,Namestnikov,2,06:29,07:35,8,,,517,14,#111111,0,8476480,Tampa Bay Lightning,4964885,TBL,365,01:06
2015020185,TBL,Vladislav,Namestnikov,2,07:56,08:26,9,,,517,14,#111111,0,8476480,Tampa Bay Lightning,4964886,TBL,367,00:30
2015020185,TBL,Vladislav,Namestnikov,2,11:51,12:28,10,,,517,14,#111111,0,8476480,Tampa Bay Lightning,4964887,TBL,375,00:37
2015020185,TBL,Vladislav,Namestnikov,2,15:32,17:03,11,,,517,14,#111111,0,8476480,Tampa Bay Lightning,4964888,TBL,385,01:31
2015020185,TBL,Vladislav,Namestnikov,3,01:59,03:04,12,,,517,14,#111111,0,8476480,Tampa Bay Lightning,4964889,TBL,400,01:05
2015020185,TBL,Vladislav,Namestnikov,3,05:42,06:56,13,,,517,14,#111111,0,8476480,Tampa Bay Lightning,4964890,TBL,562,01:14
2015020185,TBL,Vladislav,Namestnikov,3,09:51,10:43,14,,,517,14,#111111,0,8476480,Tampa Bay Lightning,4964891,TBL,571,00:52
2015020185,TBL,Vladislav,Namestnikov,3,12:50,13:37,15,,,517,14,#111111,0,8476480,Tampa Bay Lightning,4964892,TBL,577,00:47
2015020185,TBL,Vladislav,Namestnikov,3,15:31,15:37,16,,,517,14,#111111,0,8476480,Tampa Bay Lightning,4964893,TBL,586,00:06
2015020185,TBL,J.T.,Brown,1,02:16,03:03,1,,,517,14,#111111,0,8476806,Tampa Bay Lightning,4964894,TBL,104,00:47
2015020185,TBL,J.T.,Brown,1,07:16,07:49,2,,,517,14,#111111,0,8476806,Tampa Bay Lightning,4964895,TBL,112,00:33
2015020185,TBL,J.T.,Brown,1,13:31,13:47,3,,,517,14,#111111,0,8476806,Tampa Bay Lightning,4964896,TBL,129,00:16
2015020185,TBL,J.T.,Brown,1,16:15,17:43,4,,,517,14,#111111,0,8476806,Tampa Bay Lightning,4964897,TBL,138,01:28
2015020185,TBL,J.T.,Brown,1,19:44,20:00,5,,,517,14,#111111,0,8476806,Tampa Bay Lightning,4964898,TBL,352,00:16
2015020185,TBL,J.T.,Brown,2,04:13,05:05,6,,,517,14,#111111,0,8476806,Tampa Bay Lightning,4964899,TBL,361,00:52
2015020185,TBL,J.T.,Brown,2,07:35,07:56,7,,,517,14,#111111,0,8476806,Tampa Bay Lightning,4964900,TBL,366,00:21
2015020185,TBL,J.T.,Brown,2,10:24,11:51,8,,,517,14,#111111,0,8476806,Tampa Bay Lightning,4964901,TBL,372,01:27
2015020185,TBL,J.T.,Brown,2,14:27,15:32,9,,,517,14,#111111,0,8476806,Tampa Bay Lightning,4964902,TBL,382,01:05
2015020185,TBL,J.T.,Brown,3,03:04,03:35,10,,,517,14,#111111,0,8476806,Tampa Bay Lightning,4964903,TBL,552,00:31
2015020185,TBL,J.T.,Brown,3,07:41,08:32,11,,,517,14,#111111,0,8476806,Tampa Bay Lightning,4964904,TBL,566,00:51
2015020185,TBL,J.T.,Brown,3,13:37,14:40,12,,,517,14,#111111,0,8476806,Tampa Bay Lightning,4964905,TBL,579,01:03
2015020185,TBL,J.T.,Brown,3,17:55,18:25,13,,,517,14,#111111,0,8476806,Tampa Bay Lightning,4964906,TBL,592,00:30
2015020185,TBL,J.T.,Brown,3,19:30,20:00,14,,,517,14,#111111,0,8476806,Tampa Bay Lightning,4964907,TBL,595,00:30
2015020185,BUF,Zemgus,Girgensons,1,01:24,02:18,1,,,517,7,#002654,0,8476878,Buffalo Sabres,4964908,BUF,153,00:54
2015020185,BUF,Zemgus,Girgensons,1,04:14,05:15,2,,,517,7,#002654,0,8476878,Buffalo Sabres,4964909,BUF,160,01:01
2015020185,BUF,Zemgus,Girgensons,1,06:26,07:21,3,,,517,7,#002654,0,8476878,Buffalo Sabres,4964910,BUF,165,00:55
2015020185,BUF,Zemgus,Girgensons,1,09:45,10:49,4,,,517,7,#002654,0,8476878,Buffalo Sabres,4964911,BUF,170,01:04
2015020185,BUF,Zemgus,Girgensons,1,12:31,13:52,5,,,517,7,#002654,0,8476878,Buffalo Sabres,4964912,BUF,179,01:21
2015020185,BUF,Zemgus,Girgensons,1,15:05,15:50,6,,,517,7,#002654,0,8476878,Buffalo Sabres,4964913,BUF,186,00:45
2015020185,BUF,Zemgus,Girgensons,1,18:08,18:46,7,,,517,7,#002654,0,8476878,Buffalo Sabres,4964914,BUF,195,00:38
2015020185,BUF,Zemgus,Girgensons,2,01:45,03:02,8,,,517,7,#002654,0,8476878,Buffalo Sabres,4964915,BUF,307,01:17
2015020185,BUF,Zemgus,Girgensons,2,04:53,05:12,9,,,517,7,#002654,0,8476878,Buffalo Sabres,4964916,BUF,318,00:19
2015020185,BUF,Zemgus,Girgensons,2,07:12,07:32,10,,,517,7,#002654,0,8476878,Buffalo Sabres,4964917,BUF,324,00:20
2015020185,BUF,Zemgus,Girgensons,2,07:56,08:26,11,,,517,7,#002654,0,8476878,Buffalo Sabres,4964918,BUF,327,00:30
2015020185,BUF,Zemgus,Girgensons,2,12:10,13:08,12,,,517,7,#002654,0,8476878,Buffalo Sabres,4964919,BUF,338,00:58
2015020185,BUF,Zemgus,Girgensons,2,15:50,16:46,13,,,517,7,#002654,0,8476878,Buffalo Sabres,4964920,BUF,346,00:56
2015020185,BUF,Zemgus,Girgensons,3,00:41,01:29,14,,,517,7,#002654,0,8476878,Buffalo Sabres,4964921,BUF,463,00:48
2015020185,BUF,Zemgus,Girgensons,3,03:54,04:38,15,,,517,7,#002654,0,8476878,Buffalo Sabres,4964922,BUF,475,00:44
2015020185,BUF,Zemgus,Girgensons,3,06:42,07:53,16,,,517,7,#002654,0,8476878,Buffalo Sabres,4964923,BUF,484,01:11
2015020185,BUF,Zemgus,Girgensons,3,10:29,11:26,17,,,517,7,#002654,0,8476878,Buffalo Sabres,4964924,BUF,493,00:57
2015020185,BUF,Zemgus,Girgensons,3,12:39,13:32,18,,,517,7,#002654,0,8476878,Buffalo Sabres,4964925,BUF,497,00:53
2015020185,BUF,Zemgus,Girgensons,3,15:11,15:37,19,,,517,7,#002654,0,8476878,Buffalo Sabres,4964926,BUF,654,00:26
2015020185,BUF,Zemgus,Girgensons,3,16:45,17:18,20,,,517,7,#002654,0,8476878,Buffalo Sabres,4964927,BUF,659,00:33
2015020185,BUF,Zemgus,Girgensons,3,19:30,20:00,21,,,517,7,#002654,0,8476878,Buffalo Sabres,4964928,BUF,673,00:30
2015020185,TBL,Andrei,Vasilevskiy,1,00:00,20:00,1,,,517,14,#111111,0,8476883,Tampa Bay Lightning,4964929,TBL,4,20:00
2015020185,TBL,Andrei,Vasilevskiy,2,00:00,20:00,2,,,517,14,#111111,0,8476883,Tampa Bay Lightning,4964930,TBL,353,20:00
2015020185,TBL,Andrei,Vasilevskiy,3,00:00,20:00,3,,,517,14,#111111,0,8476883,Tampa Bay Lightning,4964931,TBL,394,20:00
2015020185,BUF,Jake,McCabe,1,00:00,00:42,1,,,517,7,#002654,0,8476931,Buffalo Sabres,4964932,BUF,3,00:42
2015020185,BUF,Jake,McCabe,1,03:03,03:31,2,,,517,7,#002654,0,8476931,Buffalo Sabres,4964933,BUF,157,00:28
2015020185,BUF,Jake,McCabe,1,04:02,04:46,3,,,517,7,#002654,0,8476931,Buffalo Sabres,4964934,BUF,159,00:44
2015020185,BUF,Jake,McCabe,1,05:55,06:26,4,,,517,7,#002654,0,8476931,Buffalo Sabres,4964935,BUF,164,00:31
2015020185,BUF,Jake,McCabe,1,09:34,10:15,5,,,517,7,#002654,0,8476931,Buffalo Sabres,4964936,BUF,169,00:41
2015020185,BUF,Jake,McCabe,1,11:35,12:31,6,,,517,7,#002654,0,8476931,Buffalo Sabres,4964937,BUF,177,00:56
2015020185,BUF,Jake,McCabe,1,13:52,15:14,7,,,517,7,#002654,0,8476931,Buffalo Sabres,4964938,BUF,183,01:22
2015020185,BUF,Jake,McCabe,1,17:17,18:14,8,,,517,7,#002654,0,8476931,Buffalo Sabres,4964939,BUF,193,00:57
2015020185,BUF,Jake,McCabe,1,19:41,20:00,9,,,517,7,#002654,0,8476931,Buffalo Sabres,4964940,BUF,199,00:19
2015020185,BUF,Jake,McCabe,2,00:00,01:01,10,,,517,7,#002654,0,8476931,Buffalo Sabres,4964941,BUF,302,01:01
2015020185,BUF,Jake,McCabe,2,02:36,03:24,11,,,517,7,#002654,0,8476931,Buffalo Sabres,4964942,BUF,308,00:48
2015020185,BUF,Jake,McCabe,2,06:16,07:26,12,,,517,7,#002654,0,8476931,Buffalo Sabres,4964943,BUF,321,01:10
2015020185,BUF,Jake,McCabe,2,09:06,10:47,13,,,517,7,#002654,0,8476931,Buffalo Sabres,4964944,BUF,329,01:41
2015020185,BUF,Jake,McCabe,2,13:08,14:41,14,,,517,7,#002654,0,8476931,Buffalo Sabres,4964945,BUF,340,01:33
2015020185,BUF,Jake,McCabe,2,17:36,18:21,15,,,517,7,#002654,0,8476931,Buffalo Sabres,4964946,BUF,451,00:45
2015020185,BUF,Jake,McCabe,3,00:30,00:43,16,,,517,7,#002654,0,8476931,Buffalo Sabres,4964947,BUF,462,00:13
2015020185,BUF,Jake,McCabe,3,02:39,03:45,17,,,517,7,#002654,0,8476931,Buffalo Sabres,4964948,BUF,469,01:06
2015020185,BUF,Jake,McCabe,3,05:07,05:37,18,,,517,7,#002654,0,8476931,Buffalo Sabres,4964949,BUF,478,00:30
2015020185,BUF,Jake,McCabe,3,06:42,07:40,19,,,517,7,#002654,0,8476931,Buffalo Sabres,4964950,BUF,484,00:58
2015020185,BUF,Jake,McCabe,3,09:40,10:29,20,,,517,7,#002654,0,8476931,Buffalo Sabres,4964951,BUF,491,00:49
2015020185,BUF,Jake,McCabe,3,12:04,12:47,21,,,517,7,#002654,0,8476931,Buffalo Sabres,4964952,BUF,496,00:43
2015020185,BUF,Jake,McCabe,3,13:32,14:24,22,,,517,7,#002654,0,8476931,Buffalo Sabres,4964953,BUF,500,00:52
2015020185,BUF,Jake,McCabe,3,16:09,16:45,23,,,517,7,#002654,0,8476931,Buffalo Sabres,4964954,BUF,656,00:36
2015020185,BUF,Jake,McCabe,3,17:28,18:15,24,,,517,7,#002654,0,8476931,Buffalo Sabres,4964955,BUF,662,00:47
2015020185,TBL,Cedric,Paquette,1,00:00,00:32,1,,,517,14,#111111,0,8476975,Tampa Bay Lightning,4964956,TBL,4,00:32
2015020185,TBL,Cedric,Paquette,1,04:06,05:14,2,,,517,14,#111111,0,8476975,Tampa Bay Lightning,4964957,TBL,107,01:08
2015020185,TBL,Cedric,Paquette,1,07:49,08:28,3,,,517,14,#111111,0,8476975,Tampa Bay Lightning,4964958,TBL,115,00:39
2015020185,TBL,Cedric,Paquette,1,11:35,12:19,4,,,517,14,#111111,0,8476975,Tampa Bay Lightning,4964959,TBL,123,00:44
2015020185,TBL,Cedric,Paquette,1,13:47,14:22,5,,,517,14,#111111,0,8476975,Tampa Bay Lightning,4964960,TBL,130,00:35
2015020185,TBL,Cedric,Paquette,1,17:32,18:03,6,,,517,14,#111111,0,8476975,Tampa Bay Lightning,4964961,TBL,142,00:31
2015020185,TBL,Cedric,Paquette,2,00:00,00:53,7,,,517,14,#111111,0,8476975,Tampa Bay Lightning,4964962,TBL,353,00:53
2015020185,TBL,Cedric,Paquette,2,05:05,05:12,8,,,517,14,#111111,0,8476975,Tampa Bay Lightning,4964963,TBL,362,00:07
2015020185,TBL,Cedric,Paquette,2,07:56,08:26,9,,,517,14,#111111,0,8476975,Tampa Bay Lightning,4964964,TBL,367,00:30
2015020185,TBL,Cedric,Paquette,2,12:00,12:28,10,,,517,14,#111111,0,8476975,Tampa Bay Lightning,4964965,TBL,376,00:28
2015020185,TBL,Cedric,Paquette,2,15:39,16:42,11,,,517,14,#111111,0,8476975,Tampa Bay Lightning,4964966,TBL,386,01:03
2015020185,TBL,Cedric,Paquette,2,18:21,18:35,12,,,517,14,#111111,0,8476975,Tampa Bay Lightning,4964967,TBL,391,00:14
2015020185,TBL,Cedric,Paquette,3,01:59,02:38,13,,,517,14,#111111,0,8476975,Tampa Bay Lightning,4964968,TBL,400,00:39
2015020185,TBL,Cedric,Paquette,3,05:32,06:56,14,,,517,14,#111111,0,8476975,Tampa Bay Lightning,4964969,TBL,561,01:24
2015020185,TBL,Cedric,Paquette,3,09:51,10:43,15,,,517,14,#111111,0,8476975,Tampa Bay Lightning,4964970,TBL,571,00:52
2015020185,TBL,Cedric,Paquette,3,15:29,15:37,16,,,517,14,#111111,0,8476975,Tampa Bay Lightning,4964971,TBL,585,00:08
2015020185,TBL,Cedric,Paquette,3,18:25,19:30,17,,,517,14,#111111,0,8476975,Tampa Bay Lightning,4964972,TBL,594,01:05
2015020185,BUF,Linus,Ullmark,1,00:00,20:00,1,,,517,7,#002654,0,8476999,Buffalo Sabres,4964973,BUF,3,20:00
2015020185,TBL,Andrej,Sustr,1,02:16,03:03,1,,,517,14,#111111,0,8477205,Tampa Bay Lightning,4964974,TBL,104,00:47
2015020185,TBL,Andrej,Sustr,1,05:14,05:55,2,,,517,14,#111111,0,8477205,Tampa Bay Lightning,4964975,TBL,110,00:41
2015020185,TBL,Andrej,Sustr,1,07:49,08:28,3,,,517,14,#111111,0,8477205,Tampa Bay Lightning,4964976,TBL,115,00:39
2015020185,TBL,Andrej,Sustr,1,10:49,11:30,4,,,517,14,#111111,0,8477205,Tampa Bay Lightning,4964977,TBL,121,00:41
2015020185,TBL,Andrej,Sustr,1,12:33,13:18,5,,,517,14,#111111,0,8477205,Tampa Bay Lightning,4964978,TBL,126,00:45
2015020185,TBL,Andrej,Sustr,1,14:22,15:02,6,,,517,14,#111111,0,8477205,Tampa Bay Lightning,4964979,TBL,133,00:40
2015020185,TBL,Andrej,Sustr,1,17:08,18:03,7,,,517,14,#111111,0,8477205,Tampa Bay Lightning,4964980,TBL,140,00:55
2015020185,TBL,Andrej,Sustr,1,19:28,20:00,8,,,517,14,#111111,0,8477205,Tampa Bay Lightning,4964981,TBL,351,00:32
2015020185,TBL,Andrej,Sustr,2,00:13,01:45,9,,,517,14,#111111,0,8477205,Tampa Bay Lightning,4964982,TBL,354,01:32
2015020185,TBL,Andrej,Sustr,2,04:03,05:05,10,,,517,14,#111111,0,8477205,Tampa Bay Lightning,4964983,TBL,360,01:02
2015020185,TBL,Andrej,Sustr,2,07:35,08:26,11,,,517,14,#111111,0,8477205,Tampa Bay Lightning,4964984,TBL,366,00:51
2015020185,TBL,Andrej,Sustr,2,10:36,11:51,12,,,517,14,#111111,0,8477205,Tampa Bay Lightning,4964985,TBL,373,01:15
2015020185,TBL,Andrej,Sustr,2,14:16,15:32,13,,,517,14,#111111,0,8477205,Tampa Bay Lightning,4964986,TBL,381,01:16
2015020185,TBL,Andrej,Sustr,2,17:51,18:21,14,,,517,14,#111111,0,8477205,Tampa Bay Lightning,4964987,TBL,390,00:30
2015020185,TBL,Andrej,Sustr,3,00:21,00:52,15,,,517,14,#111111,0,8477205,Tampa Bay Lightning,4964988,TBL,395,00:31
2015020185,TBL,Andrej,Sustr,3,01:27,01:59,16,,,517,14,#111111,0,8477205,Tampa Bay Lightning,4964989,TBL,398,00:32
2015020185,TBL,Andrej,Sustr,3,03:35,04:31,17,,,517,14,#111111,0,8477205,Tampa Bay Lightning,4964990,TBL,554,00:56
2015020185,TBL,Andrej,Sustr,3,05:47,06:56,18,,,517,14,#111111,0,8477205,Tampa Bay Lightning,4964991,TBL,563,01:09
2015020185,TBL,Andrej,Sustr,3,08:40,09:32,19,,,517,14,#111111,0,8477205,Tampa Bay Lightning,4964992,TBL,569,00:52
2015020185,TBL,Andrej,Sustr,3,11:19,11:26,20,,,517,14,#111111,0,8477205,Tampa Bay Lightning,4964993,TBL,573,00:07
2015020185,TBL,Andrej,Sustr,3,14:14,15:08,21,,,517,14,#111111,0,8477205,Tampa Bay Lightning,4964994,TBL,580,00:54
2015020185,TBL,Andrej,Sustr,3,18:13,19:30,22,,,517,14,#111111,0,8477205,Tampa Bay Lightning,4964995,TBL,593,01:17
2015020185,BUF,Rasmus,Ristolainen,1,00:42,01:24,1,,,517,7,#002654,0,8477499,Buffalo Sabres,4964996,BUF,151,00:42
2015020185,BUF,Rasmus,Ristolainen,1,02:18,03:03,2,,,517,7,#002654,0,8477499,Buffalo Sabres,4964997,BUF,155,00:45
2015020185,BUF,Rasmus,Ristolainen,1,03:31,04:02,3,,,517,7,#002654,0,8477499,Buffalo Sabres,4964998,BUF,158,00:31
2015020185,BUF,Rasmus,Ristolainen,1,05:28,05:55,4,,,517,7,#002654,0,8477499,Buffalo Sabres,4964999,BUF,163,00:27
2015020185,BUF,Rasmus,Ristolainen,1,06:26,07:21,5,,,517,7,#002654,0,8477499,Buffalo Sabres,4965000,BUF,165,00:55
2015020185,BUF,Rasmus,Ristolainen,1,08:30,09:34,6,,,517,7,#002654,0,8477499,Buffalo Sabres,4965001,BUF,168,01:04
2015020185,BUF,Rasmus,Ristolainen,1,10:49,11:18,7,,,517,7,#002654,0,8477499,Buffalo Sabres,4965002,BUF,174,00:29
2015020185,BUF,Rasmus,Ristolainen,1,12:31,13:52,8,,,517,7,#002654,0,8477499,Buffalo Sabres,4965003,BUF,179,01:21
2015020185,BUF,Rasmus,Ristolainen,1,15:00,16:04,9,,,517,7,#002654,0,8477499,Buffalo Sabres,4965004,BUF,185,01:04
2015020185,BUF,Rasmus,Ristolainen,1,18:14,18:46,10,,,517,7,#002654,0,8477499,Buffalo Sabres,4965005,BUF,196,00:32
2015020185,BUF,Rasmus,Ristolainen,2,01:01,01:45,11,,,517,7,#002654,0,8477499,Buffalo Sabres,4965006,BUF,303,00:44
2015020185,BUF,Rasmus,Ristolainen,2,03:24,04:18,12,,,517,7,#002654,0,8477499,Buffalo Sabres,4965007,BUF,313,00:54
2015020185,BUF,Rasmus,Ristolainen,2,04:21,04:53,13,,,517,7,#002654,0,8477499,Buffalo Sabres,4965008,BUF,317,00:32
2015020185,BUF,Rasmus,Ristolainen,2,05:12,06:16,14,,,517,7,#002654,0,8477499,Buffalo Sabres,4965009,BUF,319,01:04
2015020185,BUF,Rasmus,Ristolainen,2,08:26,09:10,15,,,517,7,#002654,0,8477499,Buffalo Sabres,4965010,BUF,328,00:44
2015020185,BUF,Rasmus,Ristolainen,2,12:15,13:16,16,,,517,7,#002654,0,8477499,Buffalo Sabres,4965011,BUF,339,01:01
2015020185,BUF,Rasmus,Ristolainen,2,15:46,16:22,17,,,517,7,#002654,0,8477499,Buffalo Sabres,4965012,BUF,345,00:36
2015020185,BUF,Rasmus,Ristolainen,2,17:03,17:36,18,,,517,7,#002654,0,8477499,Buffalo Sabres,4965013,BUF,350,00:33
2015020185,BUF,Rasmus,Ristolainen,2,19:26,20:00,19,,,517,7,#002654,0,8477499,Buffalo Sabres,4965014,BUF,458,00:34
2015020185,BUF,Rasmus,Ristolainen,3,00:43,01:45,20,,,517,7,#002654,0,8477499,Buffalo Sabres,4965015,BUF,464,01:02
2015020185,BUF,Rasmus,Ristolainen,3,03:45,04:23,21,,,517,7,#002654,0,8477499,Buffalo Sabres,4965016,BUF,474,00:38
2015020185,BUF,Rasmus,Ristolainen,3,05:37,06:30,22,,,517,7,#002654,0,8477499,Buffalo Sabres,4965017,BUF,480,00:53
2015020185,BUF,Rasmus,Ristolainen,3,09:12,09:48,23,,,517,7,#002654,0,8477499,Buffalo Sabres,4965018,BUF,490,00:36
2015020185,BUF,Rasmus,Ristolainen,3,11:26,12:04,24,,,517,7,#002654,0,8477499,Buffalo Sabres,4965019,BUF,495,00:38
2015020185,BUF,Rasmus,Ristolainen,3,12:47,13:41,25,,,517,7,#002654,0,8477499,Buffalo Sabres,4965020,BUF,498,00:54
2015020185,BUF,Rasmus,Ristolainen,3,15:37,16:15,26,,,517,7,#002654,0,8477499,Buffalo Sabres,4965021,BUF,655,00:38
2015020185,BUF,Rasmus,Ristolainen,3,16:45,17:35,27,,,517,7,#002654,0,8477499,Buffalo Sabres,4965022,BUF,659,00:50
2015020185,BUF,Rasmus,Ristolainen,3,18:43,19:30,28,,,517,7,#002654,0,8477499,Buffalo Sabres,4965023,BUF,671,00:47
2015020185,BUF,Sam,Reinhart,1,02:18,03:03,1,,,517,7,#002654,0,8477933,Buffalo Sabres,4965024,BUF,155,00:45
2015020185,BUF,Sam,Reinhart,1,07:21,08:30,2,,,517,7,#002654,0,8477933,Buffalo Sabres,4965025,BUF,166,01:09
2015020185,BUF,Sam,Reinhart,1,10:49,11:31,3,,,517,7,#002654,0,8477933,Buffalo Sabres,4965026,BUF,174,00:42
2015020185,BUF,Sam,Reinhart,1,14:22,15:14,4,,,517,7,#002654,0,8477933,Buffalo Sabres,4965027,BUF,184,00:52
2015020185,BUF,Sam,Reinhart,1,17:17,18:02,5,,,517,7,#002654,0,8477933,Buffalo Sabres,4965028,BUF,193,00:45
2015020185,BUF,Sam,Reinhart,1,19:41,20:00,6,,,517,7,#002654,0,8477933,Buffalo Sabres,4965029,BUF,199,00:19
2015020185,BUF,Sam,Reinhart,2,01:17,01:45,7,,,517,7,#002654,0,8477933,Buffalo Sabres,4965030,BUF,305,00:28
2015020185,BUF,Sam,Reinhart,2,03:02,04:18,8,,,517,7,#002654,0,8477933,Buffalo Sabres,4965031,BUF,312,01:16
2015020185,BUF,Sam,Reinhart,2,08:26,09:28,9,,,517,7,#002654,0,8477933,Buffalo Sabres,4965032,BUF,328,01:02
2015020185,BUF,Sam,Reinhart,2,13:08,14:41,10,,,517,7,#002654,0,8477933,Buffalo Sabres,4965033,BUF,340,01:33
2015020185,BUF,Sam,Reinhart,2,17:03,17:58,11,,,517,7,#002654,0,8477933,Buffalo Sabres,4965034,BUF,350,00:55
2015020185,BUF,Sam,Reinhart,2,18:21,19:16,12,,,517,7,#002654,0,8477933,Buffalo Sabres,4965035,BUF,455,00:55
2015020185,BUF,Sam,Reinhart,3,00:00,00:43,13,,,517,7,#002654,0,8477933,Buffalo Sabres,4965036,BUF,461,00:43
2015020185,BUF,Sam,Reinhart,3,03:04,03:54,14,,,517,7,#002654,0,8477933,Buffalo Sabres,4965037,BUF,473,00:50
2015020185,BUF,Sam,Reinhart,3,05:30,06:28,15,,,517,7,#002654,0,8477933,Buffalo Sabres,4965038,BUF,479,00:58
2015020185,BUF,Sam,Reinhart,3,08:41,09:40,16,,,517,7,#002654,0,8477933,Buffalo Sabres,4965039,BUF,488,00:59
2015020185,BUF,Sam,Reinhart,3,14:24,15:37,17,,,517,7,#002654,0,8477933,Buffalo Sabres,4965040,BUF,652,01:13
2015020185,BUF,Sam,Reinhart,3,17:21,18:03,18,,,517,7,#002654,0,8477933,Buffalo Sabres,4965041,BUF,661,00:42
2015020185,BUF,Jack,Eichel,1,00:00,00:50,1,,,517,7,#002654,0,8478403,Buffalo Sabres,4965042,BUF,3,00:50
2015020185,BUF,Jack,Eichel,1,03:31,04:14,2,,,517,7,#002654,0,8478403,Buffalo Sabres,4965043,BUF,158,00:43
2015020185,BUF,Jack,Eichel,1,08:30,09:45,3,,,517,7,#002654,0,8478403,Buffalo Sabres,4965044,BUF,168,01:15
2015020185,BUF,Jack,Eichel,1,11:35,12:31,4,,,517,7,#002654,0,8478403,Buffalo Sabres,4965045,BUF,177,00:56
2015020185,BUF,Jack,Eichel,1,15:50,16:34,5,,,517,7,#002654,0,8478403,Buffalo Sabres,4965046,BUF,188,00:44
2015020185,BUF,Jack,Eichel,1,18:46,19:48,6,,,517,7,#002654,0,8478403,Buffalo Sabres,4965047,BUF,198,01:02
2015020185,BUF,Jack,Eichel,2,04:21,04:21,0,EVG,"Mike Weber, Tyler Ennis",505,7,#002654,803,8478403,Buffalo Sabres,5275779,BUF,274,
2015020185,BUF,Jack,Eichel,2,00:00,01:11,7,,,517,7,#002654,0,8478403,Buffalo Sabres,4965048,BUF,302,01:11
2015020185,BUF,Jack,Eichel,2,04:03,04:53,8,,,517,7,#002654,0,8478403,Buffalo Sabres,4965049,BUF,315,00:50
2015020185,BUF,Jack,Eichel,2,05:56,06:29,9,,,517,7,#002654,0,8478403,Buffalo Sabres,4965050,BUF,320,00:33
2015020185,BUF,Jack,Eichel,2,07:11,07:56,10,,,517,7,#002654,0,8478403,Buffalo Sabres,4965051,BUF,323,00:45
2015020185,BUF,Jack,Eichel,2,09:30,10:54,11,,,517,7,#002654,0,8478403,Buffalo Sabres,4965052,BUF,332,01:24
2015020185,BUF,Jack,Eichel,2,14:27,15:50,12,,,517,7,#002654,0,8478403,Buffalo Sabres,4965053,BUF,342,01:23
2015020185,BUF,Jack,Eichel,2,17:53,18:21,13,,,517,7,#002654,0,8478403,Buffalo Sabres,4965054,BUF,452,00:28
2015020185,BUF,Jack,Eichel,2,19:46,20:00,14,,,517,7,#002654,0,8478403,Buffalo Sabres,4965055,BUF,460,00:14
2015020185,BUF,Jack,Eichel,3,00:00,00:30,15,,,517,7,#002654,0,8478403,Buffalo Sabres,4965056,BUF,461,00:30
2015020185,BUF,Jack,Eichel,3,01:29,01:59,16,,,517,7,#002654,0,8478403,Buffalo Sabres,4965057,BUF,466,00:30
2015020185,BUF,Jack,Eichel,3,04:38,05:30,17,,,517,7,#002654,0,8478403,Buffalo Sabres,4965058,BUF,477,00:52
2015020185,BUF,Jack,Eichel,3,06:42,06:56,18,,,517,7,#002654,0,8478403,Buffalo Sabres,4965059,BUF,484,00:14
2015020185,BUF,Jack,Eichel,3,07:53,08:41,19,,,517,7,#002654,0,8478403,Buffalo Sabres,4965060,BUF,487,00:48
2015020185,BUF,Jack,Eichel,3,10:29,11:20,20,,,517,7,#002654,0,8478403,Buffalo Sabres,4965061,BUF,493,00:51
2015020185,BUF,Jack,Eichel,3,12:04,12:39,21,,,517,7,#002654,0,8478403,Buffalo Sabres,4965062,BUF,496,00:35
2015020185,BUF,Jack,Eichel,3,13:32,14:24,22,,,517,7,#002654,0,8478403,Buffalo Sabres,4965063,BUF,500,00:52
2015020185,BUF,Jack,Eichel,3,16:20,17:21,23,,,517,7,#002654,0,8478403,Buffalo Sabres,4965064,BUF,658,01:01
2015020185,BUF,Jack,Eichel,3,18:20,19:30,24,,,517,7,#002654,0,8478403,Buffalo Sabres,4965065,BUF,669,01:10
