gameId,teamAbbrev,firstName,lastName,period,startTime,endTime,shiftNumber,eventDescription,eventDetails,typeCode,teamId,hexValue,detailCode,playerId,teamName,id,teamAbbrev,eventNumber,duration
2014020696,SJS,Joe,Thornton,1,00:00,00:20,1,,,517,28,#006D75,0,8466138,San Jose Sharks,4312655,SJS,3,00:20
2014020696,SJS,Joe,Thornton,1,00:53,01:51,2,,,517,28,#006D75,0,8466138,San Jose Sharks,4312656,SJS,152,00:58
2014020696,SJS,Joe,Thornton,1,03:32,04:17,3,,,517,28,#006D75,0,8466138,San Jose Sharks,4312657,SJS,156,00:45
2014020696,SJS,Joe,Thornton,1,05:39,06:57,4,,,517,28,#006D75,0,8466138,San Jose Sharks,4312658,SJS,163,01:18
2014020696,SJS,Joe,Thornton,1,07:42,08:02,5,,,517,28,#006D75,0,8466138,San Jose Sharks,4312659,SJS,166,00:20
2014020696,SJS,Joe,Thornton,1,09:40,10:30,6,,,517,28,#006D75,0,8466138,San Jose Sharks,4312660,SJS,170,00:50
2014020696,SJS,Joe,Thornton,1,12:42,13:35,7,,,517,28,#006D75,0,8466138,San Jose Sharks,4312661,SJS,179,00:53
2014020696,SJS,Joe,Thornton,1,14:48,14:52,8,,,517,28,#006D75,0,8466138,San Jose Sharks,4312662,SJS,193,00:04
2014020696,SJS,Joe,Thornton,1,15:00,15:30,9,,,517,28,#006D75,0,8466138,San Jose Sharks,4312663,SJS,186,00:30
2014020696,SJS,Joe,Thornton,1,16:05,16:51,10,,,517,28,#006D75,0,8466138,San Jose Sharks,4312664,SJS,194,00:46
2014020696,SJS,Joe,Thornton,1,18:52,19:52,11,,,517,28,#006D75,0,8466138,San Jose Sharks,4312665,SJS,351,01:00
2014020696,SJS,Joe,Thornton,2,00:00,00:33,12,,,517,28,#006D75,0,8466138,San Jose Sharks,4312666,SJS,354,00:33
2014020696,SJS,Joe,Thornton,2,02:35,03:27,13,,,517,28,#006D75,0,8466138,San Jose Sharks,4312667,SJS,365,00:52
2014020696,SJS,Joe,Thornton,2,04:44,05:32,14,,,517,28,#006D75,0,8466138,San Jose Sharks,4312668,SJS,372,00:48
2014020696,SJS,Joe,Thornton,2,06:11,06:45,15,,,517,28,#006D75,0,8466138,San Jose Sharks,4312669,SJS,376,00:34
2014020696,SJS,Joe,Thornton,2,09:25,10:01,16,,,517,28,#006D75,0,8466138,San Jose Sharks,4312670,SJS,383,00:36
2014020696,SJS,Joe,Thornton,2,11:39,12:42,17,,,517,28,#006D75,0,8466138,San Jose Sharks,4312671,SJS,391,01:03
2014020696,SJS,Joe,Thornton,2,15:07,16:39,18,,,517,28,#006D75,0,8466138,San Jose Sharks,4312672,SJS,552,01:32
2014020696,SJS,Joe,Thornton,2,17:28,18:08,19,,,517,28,#006D75,0,8466138,San Jose Sharks,4312673,SJS,556,00:40
2014020696,SJS,Joe,Thornton,2,19:27,20:00,20,,,517,28,#006D75,0,8466138,San Jose Sharks,4312674,SJS,559,00:33
2014020696,SJS,Joe,Thornton,3,00:00,01:05,21,,,517,28,#006D75,0,8466138,San Jose Sharks,4312675,SJS,561,01:05
2014020696,SJS,Joe,Thornton,3,03:02,03:35,22,,,517,28,#006D75,0,8466138,San Jose Sharks,4312676,SJS,568,00:33
2014020696,SJS,Joe,Thornton,3,05:40,05:45,23,,,517,28,#006D75,0,8466138,San Jose Sharks,4312677,SJS,593,00:05
2014020696,SJS,Joe,Thornton,3,07:43,08:27,24,,,517,28,#006D75,0,8466138,San Jose Sharks,4312678,SJS,584,00:44
2014020696,SJS,Joe,Thornton,3,09:58,10:36,25,,,517,28,#006D75,0,8466138,San Jose Sharks,4312679,SJS,594,00:38
2014020696,SJS,Joe,Thornton,3,12:24,12:53,26,,,517,28,#006D75,0,8466138,San Jose Sharks,4312680,SJS,597,00:29
2014020696,SJS,Joe,Thornton,3,14:42,15:13,27,,,517,28,#006D75,0,8466138,San Jose Sharks,4312681,SJS,704,00:31
2014020696,SJS,Joe,Thornton,3,15:51,16:14,28,,,517,28,#006D75,0,8466138,San Jose Sharks,4312682,SJS,707,00:23
2014020696,SJS,Joe,Thornton,3,18:51,19:28,29,,,517,28,#006D75,0,8466138,San Jose Sharks,4312683,SJS,715,00:37
2014020696,SJS,Patrick,Marleau,1,00:20,00:53,1,,,517,28,#006D75,0,8466139,San Jose Sharks,4312684,SJS,151,00:33
2014020696,SJS,Patrick,Marleau,1,04:17,04:47,2,,,517,28,#006D75,0,8466139,San Jose Sharks,4312685,SJS,158,00:30
2014020696,SJS,Patrick,Marleau,1,06:11,06:57,3,,,517,28,#006D75,0,8466139,San Jose Sharks,4312686,SJS,164,00:46
2014020696,SJS,Patrick,Marleau,1,07:42,08:02,4,,,517,28,#006D75,0,8466139,San Jose Sharks,4312687,SJS,166,00:20
2014020696,SJS,Patrick,Marleau,1,10:30,11:34,5,,,517,28,#006D75,0,8466139,San Jose Sharks,4312688,SJS,173,01:04
2014020696,SJS,Patrick,Marleau,1,13:35,14:11,6,,,517,28,#006D75,0,8466139,San Jose Sharks,4312689,SJS,181,00:36
2014020696,SJS,Patrick,Marleau,1,18:02,18:52,7,,,517,28,#006D75,0,8466139,San Jose Sharks,4312690,SJS,198,00:50
2014020696,SJS,Patrick,Marleau,2,16:39,16:39,0,PPG,"Logan Couture, Joe Thornton",505,28,#006D75,805,8466139,San Jose Sharks,5271782,SJS,466,
2014020696,SJS,Patrick,Marleau,2,00:43,01:05,8,,,517,28,#006D75,0,8466139,San Jose Sharks,4312691,SJS,356,00:22
2014020696,SJS,Patrick,Marleau,2,03:13,03:41,9,,,517,28,#006D75,0,8466139,San Jose Sharks,4312692,SJS,366,00:28
2014020696,SJS,Patrick,Marleau,2,04:11,04:44,10,,,517,28,#006D75,0,8466139,San Jose Sharks,4312693,SJS,370,00:33
2014020696,SJS,Patrick,Marleau,2,06:05,06:11,11,,,517,28,#006D75,0,8466139,San Jose Sharks,4312694,SJS,375,00:06
2014020696,SJS,Patrick,Marleau,2,06:45,07:06,12,,,517,28,#006D75,0,8466139,San Jose Sharks,4312695,SJS,377,00:21
2014020696,SJS,Patrick,Marleau,2,08:34,09:25,13,,,517,28,#006D75,0,8466139,San Jose Sharks,4312696,SJS,380,00:51
2014020696,SJS,Patrick,Marleau,2,11:02,11:39,14,,,517,28,#006D75,0,8466139,San Jose Sharks,4312697,SJS,389,00:37
2014020696,SJS,Patrick,Marleau,2,14:25,15:07,15,,,517,28,#006D75,0,8466139,San Jose Sharks,4312698,SJS,399,00:42
2014020696,SJS,Patrick,Marleau,2,15:40,16:39,16,,,517,28,#006D75,0,8466139,San Jose Sharks,4312699,SJS,553,00:59
2014020696,SJS,Patrick,Marleau,2,18:47,19:27,17,,,517,28,#006D75,0,8466139,San Jose Sharks,4312700,SJS,558,00:40
2014020696,SJS,Patrick,Marleau,3,01:05,01:57,18,,,517,28,#006D75,0,8466139,San Jose Sharks,4312701,SJS,562,00:52
2014020696,SJS,Patrick,Marleau,3,03:45,04:25,19,,,517,28,#006D75,0,8466139,San Jose Sharks,4312702,SJS,572,00:40
2014020696,SJS,Patrick,Marleau,3,05:45,06:11,20,,,517,28,#006D75,0,8466139,San Jose Sharks,4312703,SJS,578,00:26
2014020696,SJS,Patrick,Marleau,3,07:56,08:27,21,,,517,28,#006D75,0,8466139,San Jose Sharks,4312704,SJS,586,00:31
2014020696,SJS,Patrick,Marleau,3,10:36,11:52,22,,,517,28,#006D75,0,8466139,San Jose Sharks,4312705,SJS,595,01:16
2014020696,SJS,Patrick,Marleau,3,13:39,14:24,23,,,517,28,#006D75,0,8466139,San Jose Sharks,4312706,SJS,701,00:45
2014020696,SJS,Patrick,Marleau,3,15:18,15:51,24,,,517,28,#006D75,0,8466139,San Jose Sharks,4312707,SJS,706,00:33
2014020696,SJS,Patrick,Marleau,3,17:31,18:12,25,,,517,28,#006D75,0,8466139,San Jose Sharks,4312708,SJS,712,00:41
2014020696,SJS,Patrick,Marleau,3,19:28,19:57,26,,,517,28,#006D75,0,8466139,San Jose Sharks,4312709,SJS,717,00:29
2014020696,SJS,Scott,Hannan,1,00:53,01:51,1,,,517,28,#006D75,0,8466158,San Jose Sharks,4312710,SJS,152,00:58
2014020696,SJS,Scott,Hannan,1,03:17,03:32,2,,,517,28,#006D75,0,8466158,San Jose Sharks,4312711,SJS,155,00:15
2014020696,SJS,Scott,Hannan,1,04:47,05:39,3,,,517,28,#006D75,0,8466158,San Jose Sharks,4312712,SJS,160,00:52
2014020696,SJS,Scott,Hannan,1,09:48,09:57,4,,,517,28,#006D75,0,8466158,San Jose Sharks,4312713,SJS,171,00:09
2014020696,SJS,Scott,Hannan,1,11:34,12:26,5,,,517,28,#006D75,0,8466158,San Jose Sharks,4312714,SJS,176,00:52
2014020696,SJS,Scott,Hannan,1,13:47,14:11,6,,,517,28,#006D75,0,8466158,San Jose Sharks,4312715,SJS,182,00:24
2014020696,SJS,Scott,Hannan,1,15:30,16:05,7,,,517,28,#006D75,0,8466158,San Jose Sharks,4312716,SJS,192,00:35
2014020696,SJS,Scott,Hannan,1,18:02,18:52,8,,,517,28,#006D75,0,8466158,San Jose Sharks,4312717,SJS,198,00:50
2014020696,SJS,Scott,Hannan,2,01:17,02:25,9,,,517,28,#006D75,0,8466158,San Jose Sharks,4312718,SJS,360,01:08
2014020696,SJS,Scott,Hannan,2,04:30,05:26,10,,,517,28,#006D75,0,8466158,San Jose Sharks,4312719,SJS,371,00:56
2014020696,SJS,Scott,Hannan,2,07:51,08:34,11,,,517,28,#006D75,0,8466158,San Jose Sharks,4312720,SJS,379,00:43
2014020696,SJS,Scott,Hannan,2,09:41,10:20,12,,,517,28,#006D75,0,8466158,San Jose Sharks,4312721,SJS,384,00:39
2014020696,SJS,Scott,Hannan,2,12:16,13:30,13,,,517,28,#006D75,0,8466158,San Jose Sharks,4312722,SJS,393,01:14
2014020696,SJS,Scott,Hannan,2,17:01,17:28,14,,,517,28,#006D75,0,8466158,San Jose Sharks,4312723,SJS,555,00:27
2014020696,SJS,Scott,Hannan,3,02:04,03:24,15,,,517,28,#006D75,0,8466158,San Jose Sharks,4312724,SJS,566,01:20
2014020696,SJS,Scott,Hannan,3,04:38,05:29,16,,,517,28,#006D75,0,8466158,San Jose Sharks,4312725,SJS,575,00:51
2014020696,SJS,Scott,Hannan,3,09:12,09:58,17,,,517,28,#006D75,0,8466158,San Jose Sharks,4312726,SJS,589,00:46
2014020696,SJS,Scott,Hannan,3,11:52,12:24,18,,,517,28,#006D75,0,8466158,San Jose Sharks,4312727,SJS,596,00:32
2014020696,SJS,Scott,Hannan,3,13:12,13:39,19,,,517,28,#006D75,0,8466158,San Jose Sharks,4312728,SJS,600,00:27
2014020696,SJS,Scott,Hannan,3,14:24,14:42,20,,,517,28,#006D75,0,8466158,San Jose Sharks,4312729,SJS,703,00:18
2014020696,SJS,Scott,Hannan,3,16:03,17:31,21,,,517,28,#006D75,0,8466158,San Jose Sharks,4312730,SJS,708,01:28
2014020696,SJS,Scott,Hannan,3,18:12,18:51,22,,,517,28,#006D75,0,8466158,San Jose Sharks,4312731,SJS,713,00:39
2014020696,LAK,Robyn,Regehr,1,00:20,00:53,1,,,517,26,#111111,0,8467344,Los Angeles Kings,4312732,LAK,101,00:33
2014020696,LAK,Robyn,Regehr,1,03:45,04:22,2,,,517,26,#111111,0,8467344,Los Angeles Kings,4312733,LAK,106,00:37
2014020696,LAK,Robyn,Regehr,1,05:40,06:57,3,,,517,26,#111111,0,8467344,Los Angeles Kings,4312734,LAK,113,01:17
2014020696,LAK,Robyn,Regehr,1,07:42,08:49,4,,,517,26,#111111,0,8467344,Los Angeles Kings,4312735,LAK,118,01:07
2014020696,LAK,Robyn,Regehr,1,10:29,10:51,5,,,517,26,#111111,0,8467344,Los Angeles Kings,4312736,LAK,126,00:22
2014020696,LAK,Robyn,Regehr,1,12:42,13:32,6,,,517,26,#111111,0,8467344,Los Angeles Kings,4312737,LAK,132,00:50
2014020696,LAK,Robyn,Regehr,1,15:18,16:05,7,,,517,26,#111111,0,8467344,Los Angeles Kings,4312738,LAK,139,00:47
2014020696,LAK,Robyn,Regehr,1,18:32,20:00,8,,,517,26,#111111,0,8467344,Los Angeles Kings,4312739,LAK,146,01:28
2014020696,LAK,Robyn,Regehr,2,00:54,01:17,9,,,517,26,#111111,0,8467344,Los Angeles Kings,4312740,LAK,301,00:23
2014020696,LAK,Robyn,Regehr,2,02:35,03:31,10,,,517,26,#111111,0,8467344,Los Angeles Kings,4312741,LAK,307,00:56
2014020696,LAK,Robyn,Regehr,2,05:52,06:45,11,,,517,26,#111111,0,8467344,Los Angeles Kings,4312742,LAK,316,00:53
2014020696,LAK,Robyn,Regehr,2,08:54,09:31,12,,,517,26,#111111,0,8467344,Los Angeles Kings,4312743,LAK,323,00:37
2014020696,LAK,Robyn,Regehr,2,11:07,11:14,13,,,517,26,#111111,0,8467344,Los Angeles Kings,4312744,LAK,330,00:07
2014020696,LAK,Robyn,Regehr,2,12:46,13:30,14,,,517,26,#111111,0,8467344,Los Angeles Kings,4312745,LAK,333,00:44
2014020696,LAK,Robyn,Regehr,2,15:40,16:16,15,,,517,26,#111111,0,8467344,Los Angeles Kings,4312746,LAK,605,00:36
2014020696,LAK,Robyn,Regehr,2,16:39,17:01,16,,,517,26,#111111,0,8467344,Los Angeles Kings,4312747,LAK,343,00:22
2014020696,LAK,Robyn,Regehr,2,17:28,18:00,17,,,517,26,#111111,0,8467344,Los Angeles Kings,4312748,LAK,345,00:32
2014020696,LAK,Robyn,Regehr,2,18:47,19:20,18,,,517,26,#111111,0,8467344,Los Angeles Kings,4312749,LAK,349,00:33
2014020696,LAK,Robyn,Regehr,3,00:32,01:24,19,,,517,26,#111111,0,8467344,Los Angeles Kings,4312750,LAK,607,00:52
2014020696,LAK,Robyn,Regehr,3,03:13,03:45,20,,,517,26,#111111,0,8467344,Los Angeles Kings,4312751,LAK,615,00:32
2014020696,LAK,Robyn,Regehr,3,05:06,05:45,21,,,517,26,#111111,0,8467344,Los Angeles Kings,4312752,LAK,621,00:39
2014020696,LAK,Robyn,Regehr,3,07:40,08:27,22,,,517,26,#111111,0,8467344,Los Angeles Kings,4312753,LAK,627,00:47
2014020696,LAK,Robyn,Regehr,3,09:04,09:52,23,,,517,26,#111111,0,8467344,Los Angeles Kings,4312754,LAK,632,00:48
2014020696,LAK,Robyn,Regehr,3,09:58,10:39,24,,,517,26,#111111,0,8467344,Los Angeles Kings,4312755,LAK,637,00:41
2014020696,LAK,Robyn,Regehr,3,11:02,12:04,25,,,517,26,#111111,0,8467344,Los Angeles Kings,4312756,LAK,640,01:02
2014020696,LAK,Robyn,Regehr,3,13:28,14:09,26,,,517,26,#111111,0,8467344,Los Angeles Kings,4312757,LAK,645,00:41
2014020696,LAK,Robyn,Regehr,3,15:12,15:18,27,,,517,26,#111111,0,8467344,Los Angeles Kings,4312758,LAK,648,00:06
2014020696,LAK,Robyn,Regehr,3,16:17,16:38,28,,,517,26,#111111,0,8467344,Los Angeles Kings,4312759,LAK,754,00:21
2014020696,LAK,Marian,Gaborik,1,00:20,00:53,1,,,517,26,#111111,0,8468483,Los Angeles Kings,4312760,LAK,101,00:33
2014020696,LAK,Marian,Gaborik,1,04:25,05:40,2,,,517,26,#111111,0,8468483,Los Angeles Kings,4312761,LAK,110,01:15
2014020696,LAK,Marian,Gaborik,1,09:15,09:40,3,,,517,26,#111111,0,8468483,Los Angeles Kings,4312762,LAK,123,00:25
2014020696,LAK,Marian,Gaborik,1,10:44,11:36,4,,,517,26,#111111,0,8468483,Los Angeles Kings,4312763,LAK,128,00:52
2014020696,LAK,Marian,Gaborik,1,13:44,14:18,5,,,517,26,#111111,0,8468483,Los Angeles Kings,4312764,LAK,135,00:34
2014020696,LAK,Marian,Gaborik,1,16:05,17:19,6,,,517,26,#111111,0,8468483,Los Angeles Kings,4312765,LAK,142,01:14
2014020696,LAK,Marian,Gaborik,2,00:54,01:17,7,,,517,26,#111111,0,8468483,Los Angeles Kings,4312766,LAK,301,00:23
2014020696,LAK,Marian,Gaborik,2,03:36,03:41,8,,,517,26,#111111,0,8468483,Los Angeles Kings,4312767,LAK,309,00:05
2014020696,LAK,Marian,Gaborik,2,06:45,07:52,9,,,517,26,#111111,0,8468483,Los Angeles Kings,4312768,LAK,319,01:07
2014020696,LAK,Marian,Gaborik,2,10:32,11:39,10,,,517,26,#111111,0,8468483,Los Angeles Kings,4312769,LAK,327,01:07
2014020696,LAK,Marian,Gaborik,2,14:18,15:40,11,,,517,26,#111111,0,8468483,Los Angeles Kings,4312770,LAK,336,01:22
2014020696,LAK,Marian,Gaborik,2,16:39,17:01,12,,,517,26,#111111,0,8468483,Los Angeles Kings,4312771,LAK,343,00:22
2014020696,LAK,Marian,Gaborik,2,18:47,19:24,13,,,517,26,#111111,0,8468483,Los Angeles Kings,4312772,LAK,349,00:37
2014020696,LAK,Marian,Gaborik,3,01:09,01:57,14,,,517,26,#111111,0,8468483,Los Angeles Kings,4312773,LAK,608,00:48
2014020696,LAK,Marian,Gaborik,3,03:45,04:28,15,,,517,26,#111111,0,8468483,Los Angeles Kings,4312774,LAK,618,00:43
2014020696,LAK,Marian,Gaborik,3,05:45,06:41,16,,,517,26,#111111,0,8468483,Los Angeles Kings,4312775,LAK,624,00:56
2014020696,LAK,Marian,Gaborik,3,10:39,12:04,17,,,517,26,#111111,0,8468483,Los Angeles Kings,4312776,LAK,638,01:25
2014020696,LAK,Marian,Gaborik,3,13:28,14:24,18,,,517,26,#111111,0,8468483,Los Angeles Kings,4312777,LAK,645,00:56
2014020696,LAK,Marian,Gaborik,3,15:18,16:01,19,,,517,26,#111111,0,8468483,Los Angeles Kings,4312778,LAK,650,00:43
2014020696,LAK,Marian,Gaborik,3,16:38,17:30,20,,,517,26,#111111,0,8468483,Los Angeles Kings,4312779,LAK,755,00:52
2014020696,LAK,Marian,Gaborik,3,18:51,19:57,21,,,517,26,#111111,0,8468483,Los Angeles Kings,4312780,LAK,760,01:06
2014020696,LAK,Justin,Williams,1,00:00,00:20,1,,,517,26,#111111,0,8468508,Los Angeles Kings,4312781,LAK,4,00:20
2014020696,LAK,Justin,Williams,1,03:34,04:29,2,,,517,26,#111111,0,8468508,Los Angeles Kings,4312782,LAK,104,00:55
2014020696,LAK,Justin,Williams,1,11:36,12:42,3,,,517,26,#111111,0,8468508,Los Angeles Kings,4312783,LAK,130,01:06
2014020696,LAK,Justin,Williams,1,14:18,14:56,4,,,517,26,#111111,0,8468508,Los Angeles Kings,4312784,LAK,136,00:38
2014020696,LAK,Justin,Williams,1,17:19,18:13,5,,,517,26,#111111,0,8468508,Los Angeles Kings,4312785,LAK,143,00:54
2014020696,LAK,Justin,Williams,2,01:17,02:16,6,,,517,26,#111111,0,8468508,Los Angeles Kings,4312786,LAK,303,00:59
2014020696,LAK,Justin,Williams,2,03:41,05:11,7,,,517,26,#111111,0,8468508,Los Angeles Kings,4312787,LAK,310,01:30
2014020696,LAK,Justin,Williams,2,08:37,09:51,8,,,517,26,#111111,0,8468508,Los Angeles Kings,4312788,LAK,322,01:14
2014020696,LAK,Justin,Williams,2,12:46,13:30,9,,,517,26,#111111,0,8468508,Los Angeles Kings,4312789,LAK,333,00:44
2014020696,LAK,Justin,Williams,2,17:28,18:16,10,,,517,26,#111111,0,8468508,Los Angeles Kings,4312790,LAK,345,00:48
2014020696,LAK,Justin,Williams,3,01:46,02:22,11,,,517,26,#111111,0,8468508,Los Angeles Kings,4312791,LAK,610,00:36
2014020696,LAK,Justin,Williams,3,04:28,05:31,12,,,517,26,#111111,0,8468508,Los Angeles Kings,4312792,LAK,620,01:03
2014020696,LAK,Justin,Williams,3,09:14,09:56,13,,,517,26,#111111,0,8468508,Los Angeles Kings,4312793,LAK,633,00:42
2014020696,LAK,Justin,Williams,3,13:12,13:28,14,,,517,26,#111111,0,8468508,Los Angeles Kings,4312794,LAK,644,00:16
2014020696,LAK,Justin,Williams,3,18:33,18:51,15,,,517,26,#111111,0,8468508,Los Angeles Kings,4312795,LAK,759,00:18
2014020696,LAK,Jarret,Stoll,1,00:00,00:20,1,,,517,26,#111111,0,8468526,Los Angeles Kings,4312796,LAK,4,00:20
2014020696,LAK,Jarret,Stoll,1,03:34,04:18,2,,,517,26,#111111,0,8468526,Los Angeles Kings,4312797,LAK,104,00:44
2014020696,LAK,Jarret,Stoll,1,06:11,06:30,3,,,517,26,#111111,0,8468526,Los Angeles Kings,4312798,LAK,114,00:19
2014020696,LAK,Jarret,Stoll,1,09:48,10:29,4,,,517,26,#111111,0,8468526,Los Angeles Kings,4312799,LAK,125,00:41
2014020696,LAK,Jarret,Stoll,1,11:36,12:42,5,,,517,26,#111111,0,8468526,Los Angeles Kings,4312800,LAK,130,01:06
2014020696,LAK,Jarret,Stoll,1,14:56,15:30,6,,,517,26,#111111,0,8468526,Los Angeles Kings,4312801,LAK,138,00:34
2014020696,LAK,Jarret,Stoll,1,17:19,18:13,7,,,517,26,#111111,0,8468526,Los Angeles Kings,4312802,LAK,143,00:54
2014020696,LAK,Jarret,Stoll,2,01:17,02:10,8,,,517,26,#111111,0,8468526,Los Angeles Kings,4312803,LAK,303,00:53
2014020696,LAK,Jarret,Stoll,2,03:41,04:33,9,,,517,26,#111111,0,8468526,Los Angeles Kings,4312804,LAK,310,00:52
2014020696,LAK,Jarret,Stoll,2,08:37,09:51,10,,,517,26,#111111,0,8468526,Los Angeles Kings,4312805,LAK,322,01:14
2014020696,LAK,Jarret,Stoll,2,12:46,13:30,11,,,517,26,#111111,0,8468526,Los Angeles Kings,4312806,LAK,333,00:44
2014020696,LAK,Jarret,Stoll,2,17:28,18:35,12,,,517,26,#111111,0,8468526,Los Angeles Kings,4312807,LAK,345,01:07
2014020696,LAK,Jarret,Stoll,3,01:57,02:22,13,,,517,26,#111111,0,8468526,Los Angeles Kings,4312808,LAK,611,00:25
2014020696,LAK,Jarret,Stoll,3,04:28,05:31,14,,,517,26,#111111,0,8468526,Los Angeles Kings,4312809,LAK,620,01:03
2014020696,LAK,Jarret,Stoll,3,06:41,07:40,15,,,517,26,#111111,0,8468526,Los Angeles Kings,4312810,LAK,625,00:59
2014020696,LAK,Jarret,Stoll,3,09:14,09:58,16,,,517,26,#111111,0,8468526,Los Angeles Kings,4312811,LAK,633,00:44
2014020696,LAK,Jarret,Stoll,3,13:12,13:28,17,,,517,26,#111111,0,8468526,Los Angeles Kings,4312812,LAK,644,00:16
2014020696,LAK,Jarret,Stoll,3,18:22,18:51,18,,,517,26,#111111,0,8468526,Los Angeles Kings,4312813,LAK,758,00:29
2014020696,LAK,Matt,Greene,1,00:53,02:44,1,,,517,26,#111111,0,8470121,Los Angeles Kings,4312814,LAK,102,01:51
2014020696,LAK,Matt,Greene,1,05:40,06:11,2,,,517,26,#111111,0,8470121,Los Angeles Kings,4312815,LAK,113,00:31
2014020696,LAK,Matt,Greene,1,06:57,07:42,3,,,517,26,#111111,0,8470121,Los Angeles Kings,4312816,LAK,116,00:45
2014020696,LAK,Matt,Greene,1,08:49,09:40,4,,,517,26,#111111,0,8470121,Los Angeles Kings,4312817,LAK,120,00:51
2014020696,LAK,Matt,Greene,1,11:50,12:42,5,,,517,26,#111111,0,8470121,Los Angeles Kings,4312818,LAK,131,00:52
2014020696,LAK,Matt,Greene,1,14:29,15:18,6,,,517,26,#111111,0,8470121,Los Angeles Kings,4312819,LAK,137,00:49
2014020696,LAK,Matt,Greene,1,18:32,19:53,7,,,517,26,#111111,0,8470121,Los Angeles Kings,4312820,LAK,146,01:21
2014020696,LAK,Matt,Greene,2,01:17,02:05,8,,,517,26,#111111,0,8470121,Los Angeles Kings,4312821,LAK,303,00:48
2014020696,LAK,Matt,Greene,2,04:20,05:52,9,,,517,26,#111111,0,8470121,Los Angeles Kings,4312822,LAK,311,01:32
2014020696,LAK,Matt,Greene,2,08:54,09:51,10,,,517,26,#111111,0,8470121,Los Angeles Kings,4312823,LAK,323,00:57
2014020696,LAK,Matt,Greene,2,10:51,11:14,11,,,517,26,#111111,0,8470121,Los Angeles Kings,4312824,LAK,328,00:23
2014020696,LAK,Matt,Greene,2,13:30,14:35,12,,,517,26,#111111,0,8470121,Los Angeles Kings,4312825,LAK,335,01:05
2014020696,LAK,Matt,Greene,2,16:16,16:39,13,,,517,26,#111111,0,8470121,Los Angeles Kings,4312826,LAK,341,00:23
2014020696,LAK,Matt,Greene,2,18:47,19:37,14,,,517,26,#111111,0,8470121,Los Angeles Kings,4312827,LAK,349,00:50
2014020696,LAK,Matt,Greene,3,01:24,02:22,15,,,517,26,#111111,0,8470121,Los Angeles Kings,4312828,LAK,609,00:58
2014020696,LAK,Matt,Greene,3,04:14,05:06,16,,,517,26,#111111,0,8470121,Los Angeles Kings,4312829,LAK,619,00:52
2014020696,LAK,Matt,Greene,3,06:41,07:19,17,,,517,26,#111111,0,8470121,Los Angeles Kings,4312830,LAK,625,00:38
2014020696,LAK,Matt,Greene,3,08:13,08:27,18,,,517,26,#111111,0,8470121,Los Angeles Kings,4312831,LAK,629,00:14
2014020696,LAK,Matt,Greene,3,12:04,12:24,19,,,517,26,#111111,0,8470121,Los Angeles Kings,4312832,LAK,641,00:20
2014020696,LAK,Matt,Greene,3,13:12,13:28,20,,,517,26,#111111,0,8470121,Los Angeles Kings,4312833,LAK,644,00:16
2014020696,LAK,Matt,Greene,3,19:57,20:00,21,,,517,26,#111111,0,8470121,Los Angeles Kings,4312834,LAK,765,00:03
2014020696,LAK,Jeff,Carter,1,00:53,02:44,1,,,517,26,#111111,0,8470604,Los Angeles Kings,4312835,LAK,102,01:51
2014020696,LAK,Jeff,Carter,1,05:40,06:11,2,,,517,26,#111111,0,8470604,Los Angeles Kings,4312836,LAK,113,00:31
2014020696,LAK,Jeff,Carter,1,08:11,09:03,3,,,517,26,#111111,0,8470604,Los Angeles Kings,4312837,LAK,119,00:52
2014020696,LAK,Jeff,Carter,1,09:48,10:34,4,,,517,26,#111111,0,8470604,Los Angeles Kings,4312838,LAK,125,00:46
2014020696,LAK,Jeff,Carter,1,12:42,13:44,5,,,517,26,#111111,0,8470604,Los Angeles Kings,4312839,LAK,132,01:02
2014020696,LAK,Jeff,Carter,1,16:05,17:19,6,,,517,26,#111111,0,8470604,Los Angeles Kings,4312840,LAK,142,01:14
2014020696,LAK,Jeff,Carter,2,00:00,00:54,7,,,517,26,#111111,0,8470604,Los Angeles Kings,4312841,LAK,150,00:54
2014020696,LAK,Jeff,Carter,2,02:35,03:31,8,,,517,26,#111111,0,8470604,Los Angeles Kings,4312842,LAK,307,00:56
2014020696,LAK,Jeff,Carter,2,05:32,06:45,9,,,517,26,#111111,0,8470604,Los Angeles Kings,4312843,LAK,315,01:13
2014020696,LAK,Jeff,Carter,2,07:52,08:07,10,,,517,26,#111111,0,8470604,Los Angeles Kings,4312844,LAK,320,00:15
2014020696,LAK,Jeff,Carter,2,11:39,12:58,11,,,517,26,#111111,0,8470604,Los Angeles Kings,4312845,LAK,332,01:19
2014020696,LAK,Jeff,Carter,2,15:40,16:16,12,,,517,26,#111111,0,8470604,Los Angeles Kings,4312846,LAK,605,00:36
2014020696,LAK,Jeff,Carter,2,18:35,18:47,13,,,517,26,#111111,0,8470604,Los Angeles Kings,4312847,LAK,348,00:12
2014020696,LAK,Jeff,Carter,2,19:46,20:00,14,,,517,26,#111111,0,8470604,Los Angeles Kings,4312848,LAK,603,00:14
2014020696,LAK,Jeff,Carter,3,19:37,19:37,0,PPG,"Anze Kopitar, Nick Shore",505,26,#111111,805,8470604,Los Angeles Kings,5271784,LAK,531,
2014020696,LAK,Jeff,Carter,3,00:00,01:09,15,,,517,26,#111111,0,8470604,Los Angeles Kings,4312849,LAK,606,01:09
2014020696,LAK,Jeff,Carter,3,03:04,03:45,16,,,517,26,#111111,0,8470604,Los Angeles Kings,4312850,LAK,613,00:41
2014020696,LAK,Jeff,Carter,3,05:31,06:41,17,,,517,26,#111111,0,8470604,Los Angeles Kings,4312851,LAK,622,01:10
2014020696,LAK,Jeff,Carter,3,08:13,08:27,18,,,517,26,#111111,0,8470604,Los Angeles Kings,4312852,LAK,629,00:14
2014020696,LAK,Jeff,Carter,3,09:58,10:39,19,,,517,26,#111111,0,8470604,Los Angeles Kings,4312853,LAK,637,00:41
2014020696,LAK,Jeff,Carter,3,12:24,13:12,20,,,517,26,#111111,0,8470604,Los Angeles Kings,4312854,LAK,643,00:48
2014020696,LAK,Jeff,Carter,3,15:12,15:18,21,,,517,26,#111111,0,8470604,Los Angeles Kings,4312855,LAK,648,00:06
2014020696,LAK,Jeff,Carter,3,16:38,17:30,22,,,517,26,#111111,0,8470604,Los Angeles Kings,4312856,LAK,755,00:52
2014020696,LAK,Jeff,Carter,3,18:51,20:00,23,,,517,26,#111111,0,8470604,Los Angeles Kings,4312857,LAK,760,01:09
2014020696,LAK,Dustin,Brown,1,00:20,00:53,1,,,517,26,#111111,0,8470606,Los Angeles Kings,4312858,LAK,101,00:33
2014020696,LAK,Dustin,Brown,1,04:29,05:40,2,,,517,26,#111111,0,8470606,Los Angeles Kings,4312859,LAK,111,01:11
2014020696,LAK,Dustin,Brown,1,07:19,07:42,3,,,517,26,#111111,0,8470606,Los Angeles Kings,4312860,LAK,117,00:23
2014020696,LAK,Dustin,Brown,1,09:15,09:40,4,,,517,26,#111111,0,8470606,Los Angeles Kings,4312861,LAK,123,00:25
2014020696,LAK,Dustin,Brown,1,10:34,11:36,5,,,517,26,#111111,0,8470606,Los Angeles Kings,4312862,LAK,127,01:02
2014020696,LAK,Dustin,Brown,1,13:40,14:18,6,,,517,26,#111111,0,8470606,Los Angeles Kings,4312863,LAK,134,00:38
2014020696,LAK,Dustin,Brown,1,17:19,18:13,7,,,517,26,#111111,0,8470606,Los Angeles Kings,4312864,LAK,143,00:54
2014020696,LAK,Dustin,Brown,2,11:39,11:39,0,EVG,"Marian Gaborik, Anze Kopitar",505,26,#111111,804,8470606,Los Angeles Kings,5271781,LAK,250,
2014020696,LAK,Dustin,Brown,2,01:03,01:17,8,,,517,26,#111111,0,8470606,Los Angeles Kings,4312865,LAK,302,00:14
2014020696,LAK,Dustin,Brown,2,03:31,03:41,9,,,517,26,#111111,0,8470606,Los Angeles Kings,4312866,LAK,308,00:10
2014020696,LAK,Dustin,Brown,2,06:45,07:52,10,,,517,26,#111111,0,8470606,Los Angeles Kings,4312867,LAK,319,01:07
2014020696,LAK,Dustin,Brown,2,10:53,11:39,11,,,517,26,#111111,0,8470606,Los Angeles Kings,4312868,LAK,329,00:46
2014020696,LAK,Dustin,Brown,2,14:56,15:40,12,,,517,26,#111111,0,8470606,Los Angeles Kings,4312869,LAK,339,00:44
2014020696,LAK,Dustin,Brown,2,16:39,17:01,13,,,517,26,#111111,0,8470606,Los Angeles Kings,4312870,LAK,343,00:22
2014020696,LAK,Dustin,Brown,2,18:47,19:51,14,,,517,26,#111111,0,8470606,Los Angeles Kings,4312871,LAK,349,01:04
2014020696,LAK,Dustin,Brown,3,01:09,01:46,15,,,517,26,#111111,0,8470606,Los Angeles Kings,4312872,LAK,608,00:37
2014020696,LAK,Dustin,Brown,3,03:45,04:28,16,,,517,26,#111111,0,8470606,Los Angeles Kings,4312873,LAK,618,00:43
2014020696,LAK,Dustin,Brown,3,06:41,07:46,17,,,517,26,#111111,0,8470606,Los Angeles Kings,4312874,LAK,625,01:05
2014020696,LAK,Dustin,Brown,3,09:56,09:58,18,,,517,26,#111111,0,8470606,Los Angeles Kings,4312875,LAK,636,00:02
2014020696,LAK,Dustin,Brown,3,10:39,12:04,19,,,517,26,#111111,0,8470606,Los Angeles Kings,4312876,LAK,638,01:25
2014020696,LAK,Dustin,Brown,3,13:28,14:09,20,,,517,26,#111111,0,8470606,Los Angeles Kings,4312877,LAK,645,00:41
2014020696,LAK,Dustin,Brown,3,16:01,18:33,21,,,517,26,#111111,0,8470606,Los Angeles Kings,4312878,LAK,753,02:32
2014020696,LAK,Dustin,Brown,3,19:28,20:00,22,,,517,26,#111111,0,8470606,Los Angeles Kings,4312879,LAK,762,00:32
2014020696,SJS,Brent,Burns,1,00:20,00:53,1,,,517,28,#006D75,0,8470613,San Jose Sharks,4312880,SJS,151,00:33
2014020696,SJS,Brent,Burns,1,03:32,04:28,2,,,517,28,#006D75,0,8470613,San Jose Sharks,4312881,SJS,156,00:56
2014020696,SJS,Brent,Burns,1,05:39,06:57,3,,,517,28,#006D75,0,8470613,San Jose Sharks,4312882,SJS,163,01:18
2014020696,SJS,Brent,Burns,1,07:42,09:40,4,,,517,28,#006D75,0,8470613,San Jose Sharks,4312883,SJS,166,01:58
2014020696,SJS,Brent,Burns,1,10:41,11:34,5,,,517,28,#006D75,0,8470613,San Jose Sharks,4312884,SJS,175,00:53
2014020696,SJS,Brent,Burns,1,12:26,13:11,6,,,517,28,#006D75,0,8470613,San Jose Sharks,4312885,SJS,177,00:45
2014020696,SJS,Brent,Burns,1,14:11,14:48,7,,,517,28,#006D75,0,8470613,San Jose Sharks,4312886,SJS,183,00:37
2014020696,SJS,Brent,Burns,1,14:52,15:12,8,,,517,28,#006D75,0,8470613,San Jose Sharks,4312887,SJS,185,00:20
2014020696,SJS,Brent,Burns,1,16:05,16:51,9,,,517,28,#006D75,0,8470613,San Jose Sharks,4312888,SJS,194,00:46
2014020696,SJS,Brent,Burns,1,17:19,18:02,10,,,517,28,#006D75,0,8470613,San Jose Sharks,4312889,SJS,196,00:43
2014020696,SJS,Brent,Burns,1,19:30,20:00,11,,,517,28,#006D75,0,8470613,San Jose Sharks,4312890,SJS,352,00:30
2014020696,SJS,Brent,Burns,2,00:33,01:17,12,,,517,28,#006D75,0,8470613,San Jose Sharks,4312891,SJS,355,00:44
2014020696,SJS,Brent,Burns,2,03:19,04:30,13,,,517,28,#006D75,0,8470613,San Jose Sharks,4312892,SJS,367,01:11
2014020696,SJS,Brent,Burns,2,06:45,07:51,14,,,517,28,#006D75,0,8470613,San Jose Sharks,4312893,SJS,377,01:06
2014020696,SJS,Brent,Burns,2,08:34,09:41,15,,,517,28,#006D75,0,8470613,San Jose Sharks,4312894,SJS,380,01:07
2014020696,SJS,Brent,Burns,2,11:14,11:39,16,,,517,28,#006D75,0,8470613,San Jose Sharks,4312895,SJS,390,00:25
2014020696,SJS,Brent,Burns,2,13:30,13:55,17,,,517,28,#006D75,0,8470613,San Jose Sharks,4312896,SJS,396,00:25
2014020696,SJS,Brent,Burns,2,14:52,17:01,18,,,517,28,#006D75,0,8470613,San Jose Sharks,4312897,SJS,400,02:09
2014020696,SJS,Brent,Burns,2,18:08,20:00,19,,,517,28,#006D75,0,8470613,San Jose Sharks,4312898,SJS,557,01:52
2014020696,SJS,Brent,Burns,3,01:10,02:04,20,,,517,28,#006D75,0,8470613,San Jose Sharks,4312899,SJS,563,00:54
2014020696,SJS,Brent,Burns,3,03:35,04:46,21,,,517,28,#006D75,0,8470613,San Jose Sharks,4312900,SJS,570,01:11
2014020696,SJS,Brent,Burns,3,05:45,06:41,22,,,517,28,#006D75,0,8470613,San Jose Sharks,4312901,SJS,578,00:56
2014020696,SJS,Brent,Burns,3,07:35,08:15,23,,,517,28,#006D75,0,8470613,San Jose Sharks,4312902,SJS,583,00:40
2014020696,SJS,Brent,Burns,3,09:55,09:58,24,,,517,28,#006D75,0,8470613,San Jose Sharks,4312903,SJS,591,00:03
2014020696,SJS,Brent,Burns,3,10:36,11:52,25,,,517,28,#006D75,0,8470613,San Jose Sharks,4312904,SJS,595,01:16
2014020696,SJS,Brent,Burns,3,12:53,13:12,26,,,517,28,#006D75,0,8470613,San Jose Sharks,4312905,SJS,598,00:19
2014020696,SJS,Brent,Burns,3,13:39,14:11,27,,,517,28,#006D75,0,8470613,San Jose Sharks,4312906,SJS,701,00:32
2014020696,SJS,Brent,Burns,3,15:13,15:18,28,,,517,28,#006D75,0,8470613,San Jose Sharks,4312907,SJS,705,00:05
2014020696,SJS,Brent,Burns,3,17:18,18:12,29,,,517,28,#006D75,0,8470613,San Jose Sharks,4312908,SJS,711,00:54
2014020696,SJS,Brent,Burns,3,18:51,19:57,30,,,517,28,#006D75,0,8470613,San Jose Sharks,4312909,SJS,715,01:06
2014020696,LAK,Mike,Richards,1,02:44,03:34,1,,,517,26,#111111,0,8470617,Los Angeles Kings,4312910,LAK,103,00:50
2014020696,LAK,Mike,Richards,1,06:57,07:42,2,,,517,26,#111111,0,8470617,Los Angeles Kings,4312911,LAK,116,00:45
2014020696,LAK,Mike,Richards,1,09:40,09:48,3,,,517,26,#111111,0,8470617,Los Angeles Kings,4312912,LAK,124,00:08
2014020696,LAK,Mike,Richards,1,12:42,13:40,4,,,517,26,#111111,0,8470617,Los Angeles Kings,4312913,LAK,132,00:58
2014020696,LAK,Mike,Richards,1,18:13,18:52,5,,,517,26,#111111,0,8470617,Los Angeles Kings,4312914,LAK,145,00:39
2014020696,LAK,Mike,Richards,2,01:17,02:05,6,,,517,26,#111111,0,8470617,Los Angeles Kings,4312915,LAK,303,00:48
2014020696,LAK,Mike,Richards,2,03:41,04:59,7,,,517,26,#111111,0,8470617,Los Angeles Kings,4312916,LAK,310,01:18
2014020696,LAK,Mike,Richards,2,08:37,09:44,8,,,517,26,#111111,0,8470617,Los Angeles Kings,4312917,LAK,322,01:07
2014020696,LAK,Mike,Richards,2,12:58,13:30,9,,,517,26,#111111,0,8470617,Los Angeles Kings,4312918,LAK,334,00:32
2014020696,LAK,Mike,Richards,2,15:40,16:16,10,,,517,26,#111111,0,8470617,Los Angeles Kings,4312919,LAK,605,00:36
2014020696,LAK,Mike,Richards,2,17:28,18:16,11,,,517,26,#111111,0,8470617,Los Angeles Kings,4312920,LAK,345,00:48
2014020696,LAK,Mike,Richards,3,01:57,02:22,12,,,517,26,#111111,0,8470617,Los Angeles Kings,4312921,LAK,611,00:25
2014020696,LAK,Mike,Richards,3,04:28,05:31,13,,,517,26,#111111,0,8470617,Los Angeles Kings,4312922,LAK,620,01:03
2014020696,LAK,Mike,Richards,3,09:14,09:58,14,,,517,26,#111111,0,8470617,Los Angeles Kings,4312923,LAK,633,00:44
2014020696,LAK,Mike,Richards,3,13:12,13:28,15,,,517,26,#111111,0,8470617,Los Angeles Kings,4312924,LAK,644,00:16
2014020696,LAK,Mike,Richards,3,18:33,19:28,16,,,517,26,#111111,0,8470617,Los Angeles Kings,4312925,LAK,759,00:55
2014020696,SJS,Joe,Pavelski,1,00:00,00:20,1,,,517,28,#006D75,0,8470794,San Jose Sharks,4312926,SJS,3,00:20
2014020696,SJS,Joe,Pavelski,1,00:53,01:51,2,,,517,28,#006D75,0,8470794,San Jose Sharks,4312927,SJS,152,00:58
2014020696,SJS,Joe,Pavelski,1,03:32,04:08,3,,,517,28,#006D75,0,8470794,San Jose Sharks,4312928,SJS,156,00:36
2014020696,SJS,Joe,Pavelski,1,05:39,06:57,4,,,517,28,#006D75,0,8470794,San Jose Sharks,4312929,SJS,163,01:18
2014020696,SJS,Joe,Pavelski,1,07:42,08:02,5,,,517,28,#006D75,0,8470794,San Jose Sharks,4312930,SJS,166,00:20
2014020696,SJS,Joe,Pavelski,1,09:40,10:34,6,,,517,28,#006D75,0,8470794,San Jose Sharks,4312931,SJS,170,00:54
2014020696,SJS,Joe,Pavelski,1,12:42,13:35,7,,,517,28,#006D75,0,8470794,San Jose Sharks,4312932,SJS,179,00:53
2014020696,SJS,Joe,Pavelski,1,14:48,14:52,8,,,517,28,#006D75,0,8470794,San Jose Sharks,4312933,SJS,193,00:04
2014020696,SJS,Joe,Pavelski,1,15:07,15:30,9,,,517,28,#006D75,0,8470794,San Jose Sharks,4312934,SJS,187,00:23
2014020696,SJS,Joe,Pavelski,1,16:05,16:51,10,,,517,28,#006D75,0,8470794,San Jose Sharks,4312935,SJS,194,00:46
2014020696,SJS,Joe,Pavelski,1,17:19,17:29,11,,,517,28,#006D75,0,8470794,San Jose Sharks,4312936,SJS,196,00:10
2014020696,SJS,Joe,Pavelski,1,18:52,19:52,12,,,517,28,#006D75,0,8470794,San Jose Sharks,4312937,SJS,351,01:00
2014020696,SJS,Joe,Pavelski,2,00:00,00:33,13,,,517,28,#006D75,0,8470794,San Jose Sharks,4312938,SJS,354,00:33
2014020696,SJS,Joe,Pavelski,2,02:35,03:19,14,,,517,28,#006D75,0,8470794,San Jose Sharks,4312939,SJS,365,00:44
2014020696,SJS,Joe,Pavelski,2,04:44,05:26,15,,,517,28,#006D75,0,8470794,San Jose Sharks,4312940,SJS,372,00:42
2014020696,SJS,Joe,Pavelski,2,06:11,06:45,16,,,517,28,#006D75,0,8470794,San Jose Sharks,4312941,SJS,376,00:34
2014020696,SJS,Joe,Pavelski,2,07:51,08:34,17,,,517,28,#006D75,0,8470794,San Jose Sharks,4312942,SJS,379,00:43
2014020696,SJS,Joe,Pavelski,2,09:41,10:07,18,,,517,28,#006D75,0,8470794,San Jose Sharks,4312943,SJS,384,00:26
2014020696,SJS,Joe,Pavelski,2,11:39,12:32,19,,,517,28,#006D75,0,8470794,San Jose Sharks,4312944,SJS,391,00:53
2014020696,SJS,Joe,Pavelski,2,15:00,16:39,20,,,517,28,#006D75,0,8470794,San Jose Sharks,4312945,SJS,551,01:39
2014020696,SJS,Joe,Pavelski,2,17:28,18:08,21,,,517,28,#006D75,0,8470794,San Jose Sharks,4312946,SJS,556,00:40
2014020696,SJS,Joe,Pavelski,2,19:35,20:00,22,,,517,28,#006D75,0,8470794,San Jose Sharks,4312947,SJS,560,00:25
2014020696,SJS,Joe,Pavelski,3,08:27,08:27,0,PPG,"Patrick Marleau, Marc-Edouard Vlasic",505,28,#006D75,803,8470794,San Jose Sharks,5271783,SJS,498,
2014020696,SJS,Joe,Pavelski,3,00:00,01:10,23,,,517,28,#006D75,0,8470794,San Jose Sharks,4312948,SJS,561,01:10
2014020696,SJS,Joe,Pavelski,3,03:02,03:44,24,,,517,28,#006D75,0,8470794,San Jose Sharks,4312949,SJS,568,00:42
2014020696,SJS,Joe,Pavelski,3,05:29,06:41,25,,,517,28,#006D75,0,8470794,San Jose Sharks,4312950,SJS,577,01:12
2014020696,SJS,Joe,Pavelski,3,07:43,08:27,26,,,517,28,#006D75,0,8470794,San Jose Sharks,4312951,SJS,584,00:44
2014020696,SJS,Joe,Pavelski,3,09:58,10:36,27,,,517,28,#006D75,0,8470794,San Jose Sharks,4312952,SJS,594,00:38
2014020696,SJS,Joe,Pavelski,3,12:24,12:53,28,,,517,28,#006D75,0,8470794,San Jose Sharks,4312953,SJS,597,00:29
2014020696,SJS,Joe,Pavelski,3,14:11,14:24,29,,,517,28,#006D75,0,8470794,San Jose Sharks,4312954,SJS,702,00:13
2014020696,SJS,Joe,Pavelski,3,14:42,15:13,30,,,517,28,#006D75,0,8470794,San Jose Sharks,4312955,SJS,704,00:31
2014020696,SJS,Joe,Pavelski,3,15:18,15:51,31,,,517,28,#006D75,0,8470794,San Jose Sharks,4312956,SJS,706,00:33
2014020696,SJS,Joe,Pavelski,3,16:38,17:31,32,,,517,28,#006D75,0,8470794,San Jose Sharks,4312957,SJS,710,00:53
2014020696,SJS,Joe,Pavelski,3,19:15,19:28,33,,,517,28,#006D75,0,8470794,San Jose Sharks,4312958,SJS,716,00:13
2014020696,SJS,Joe,Pavelski,3,19:37,19:57,34,,,517,28,#006D75,0,8470794,San Jose Sharks,4312959,SJS,719,00:20
2014020696,SJS,Tyler,Kennedy,1,01:51,02:44,1,,,517,28,#006D75,0,8471311,San Jose Sharks,4312960,SJS,153,00:53
2014020696,SJS,Tyler,Kennedy,1,04:47,05:34,2,,,517,28,#006D75,0,8471311,San Jose Sharks,4312961,SJS,160,00:47
2014020696,SJS,Tyler,Kennedy,1,08:02,08:51,3,,,517,28,#006D75,0,8471311,San Jose Sharks,4312962,SJS,167,00:49
2014020696,SJS,Tyler,Kennedy,1,11:34,12:42,4,,,517,28,#006D75,0,8471311,San Jose Sharks,4312963,SJS,176,01:08
2014020696,SJS,Tyler,Kennedy,1,14:17,14:48,5,,,517,28,#006D75,0,8471311,San Jose Sharks,4312964,SJS,184,00:31
2014020696,SJS,Tyler,Kennedy,1,14:52,15:07,6,,,517,28,#006D75,0,8471311,San Jose Sharks,4312965,SJS,185,00:15
2014020696,SJS,Tyler,Kennedy,1,19:52,20:00,7,,,517,28,#006D75,0,8471311,San Jose Sharks,4312966,SJS,353,00:08
2014020696,SJS,Tyler,Kennedy,2,01:09,02:07,8,,,517,28,#006D75,0,8471311,San Jose Sharks,4312967,SJS,359,00:58
2014020696,SJS,Tyler,Kennedy,2,03:41,04:44,9,,,517,28,#006D75,0,8471311,San Jose Sharks,4312968,SJS,369,01:03
2014020696,SJS,Tyler,Kennedy,2,05:26,06:05,10,,,517,28,#006D75,0,8471311,San Jose Sharks,4312969,SJS,373,00:39
2014020696,SJS,Tyler,Kennedy,2,10:07,10:55,11,,,517,28,#006D75,0,8471311,San Jose Sharks,4312970,SJS,386,00:48
2014020696,SJS,Tyler,Kennedy,2,12:32,13:30,12,,,517,28,#006D75,0,8471311,San Jose Sharks,4312971,SJS,394,00:58
2014020696,SJS,Tyler,Kennedy,2,16:39,17:01,13,,,517,28,#006D75,0,8471311,San Jose Sharks,4312972,SJS,554,00:22
2014020696,SJS,Tyler,Kennedy,2,18:08,18:47,14,,,517,28,#006D75,0,8471311,San Jose Sharks,4312973,SJS,557,00:39
2014020696,SJS,Tyler,Kennedy,3,01:57,02:22,15,,,517,28,#006D75,0,8471311,San Jose Sharks,4312974,SJS,565,00:25
2014020696,SJS,Tyler,Kennedy,3,04:28,05:29,16,,,517,28,#006D75,0,8471311,San Jose Sharks,4312975,SJS,574,01:01
2014020696,SJS,Tyler,Kennedy,3,09:12,09:55,17,,,517,28,#006D75,0,8471311,San Jose Sharks,4312976,SJS,589,00:43
2014020696,SJS,Tyler,Kennedy,3,11:52,12:24,18,,,517,28,#006D75,0,8471311,San Jose Sharks,4312977,SJS,596,00:32
2014020696,SJS,Tyler,Kennedy,3,12:53,13:39,19,,,517,28,#006D75,0,8471311,San Jose Sharks,4312978,SJS,598,00:46
2014020696,SJS,Tyler,Kennedy,3,15:13,15:18,20,,,517,28,#006D75,0,8471311,San Jose Sharks,4312979,SJS,705,00:05
2014020696,SJS,Tyler,Kennedy,3,19:57,20:00,21,,,517,28,#006D75,0,8471311,San Jose Sharks,4312980,SJS,720,00:03
2014020696,LAK,Anze,Kopitar,1,00:20,00:53,1,,,517,26,#111111,0,8471685,Los Angeles Kings,4312981,LAK,101,00:33
2014020696,LAK,Anze,Kopitar,1,04:18,05:40,2,,,517,26,#111111,0,8471685,Los Angeles Kings,4312982,LAK,108,01:22
2014020696,LAK,Anze,Kopitar,1,06:30,07:19,3,,,517,26,#111111,0,8471685,Los Angeles Kings,4312983,LAK,115,00:49
2014020696,LAK,Anze,Kopitar,1,09:03,09:40,4,,,517,26,#111111,0,8471685,Los Angeles Kings,4312984,LAK,122,00:37
2014020696,LAK,Anze,Kopitar,1,10:29,11:36,5,,,517,26,#111111,0,8471685,Los Angeles Kings,4312985,LAK,126,01:07
2014020696,LAK,Anze,Kopitar,1,13:40,14:18,6,,,517,26,#111111,0,8471685,Los Angeles Kings,4312986,LAK,134,00:38
2014020696,LAK,Anze,Kopitar,1,16:05,17:19,7,,,517,26,#111111,0,8471685,Los Angeles Kings,4312987,LAK,142,01:14
2014020696,LAK,Anze,Kopitar,1,19:53,20:00,8,,,517,26,#111111,0,8471685,Los Angeles Kings,4312988,LAK,148,00:07
2014020696,LAK,Anze,Kopitar,2,00:54,01:17,9,,,517,26,#111111,0,8471685,Los Angeles Kings,4312989,LAK,301,00:23
2014020696,LAK,Anze,Kopitar,2,03:36,03:41,10,,,517,26,#111111,0,8471685,Los Angeles Kings,4312990,LAK,309,00:05
2014020696,LAK,Anze,Kopitar,2,06:45,07:52,11,,,517,26,#111111,0,8471685,Los Angeles Kings,4312991,LAK,319,01:07
2014020696,LAK,Anze,Kopitar,2,10:51,11:39,12,,,517,26,#111111,0,8471685,Los Angeles Kings,4312992,LAK,328,00:48
2014020696,LAK,Anze,Kopitar,2,14:26,15:40,13,,,517,26,#111111,0,8471685,Los Angeles Kings,4312993,LAK,337,01:14
2014020696,LAK,Anze,Kopitar,2,16:39,17:01,14,,,517,26,#111111,0,8471685,Los Angeles Kings,4312994,LAK,343,00:22
2014020696,LAK,Anze,Kopitar,2,18:47,19:46,15,,,517,26,#111111,0,8471685,Los Angeles Kings,4312995,LAK,349,00:59
2014020696,LAK,Anze,Kopitar,3,01:09,01:57,16,,,517,26,#111111,0,8471685,Los Angeles Kings,4312996,LAK,608,00:48
2014020696,LAK,Anze,Kopitar,3,03:45,04:28,17,,,517,26,#111111,0,8471685,Los Angeles Kings,4312997,LAK,618,00:43
2014020696,LAK,Anze,Kopitar,3,05:45,06:41,18,,,517,26,#111111,0,8471685,Los Angeles Kings,4312998,LAK,624,00:56
2014020696,LAK,Anze,Kopitar,3,08:13,08:27,19,,,517,26,#111111,0,8471685,Los Angeles Kings,4312999,LAK,629,00:14
2014020696,LAK,Anze,Kopitar,3,10:39,12:04,20,,,517,26,#111111,0,8471685,Los Angeles Kings,4313000,LAK,638,01:25
2014020696,LAK,Anze,Kopitar,3,13:28,14:09,21,,,517,26,#111111,0,8471685,Los Angeles Kings,4313001,LAK,645,00:41
2014020696,LAK,Anze,Kopitar,3,15:18,15:56,22,,,517,26,#111111,0,8471685,Los Angeles Kings,4313002,LAK,650,00:38
2014020696,LAK,Anze,Kopitar,3,16:38,18:22,23,,,517,26,#111111,0,8471685,Los Angeles Kings,4313003,LAK,755,01:44
2014020696,LAK,Anze,Kopitar,3,18:51,20:00,24,,,517,26,#111111,0,8471685,Los Angeles Kings,4313004,LAK,760,01:09
2014020696,SJS,Marc-Edouard,Vlasic,1,00:20,00:53,1,,,517,28,#006D75,0,8471709,San Jose Sharks,4313005,SJS,151,00:33
2014020696,SJS,Marc-Edouard,Vlasic,1,03:32,04:17,2,,,517,28,#006D75,0,8471709,San Jose Sharks,4313006,SJS,156,00:45
2014020696,SJS,Marc-Edouard,Vlasic,1,05:39,06:11,3,,,517,28,#006D75,0,8471709,San Jose Sharks,4313007,SJS,163,00:32
2014020696,SJS,Marc-Edouard,Vlasic,1,06:57,07:42,4,,,517,28,#006D75,0,8471709,San Jose Sharks,4313008,SJS,165,00:45
2014020696,SJS,Marc-Edouard,Vlasic,1,08:02,09:40,5,,,517,28,#006D75,0,8471709,San Jose Sharks,4313009,SJS,167,01:38
2014020696,SJS,Marc-Edouard,Vlasic,1,10:41,11:34,6,,,517,28,#006D75,0,8471709,San Jose Sharks,4313010,SJS,175,00:53
2014020696,SJS,Marc-Edouard,Vlasic,1,13:11,14:11,7,,,517,28,#006D75,0,8471709,San Jose Sharks,4313011,SJS,180,01:00
2014020696,SJS,Marc-Edouard,Vlasic,1,14:48,14:52,8,,,517,28,#006D75,0,8471709,San Jose Sharks,4313012,SJS,193,00:04
2014020696,SJS,Marc-Edouard,Vlasic,1,15:12,15:30,9,,,517,28,#006D75,0,8471709,San Jose Sharks,4313013,SJS,188,00:18
2014020696,SJS,Marc-Edouard,Vlasic,1,16:05,16:51,10,,,517,28,#006D75,0,8471709,San Jose Sharks,4313014,SJS,194,00:46
2014020696,SJS,Marc-Edouard,Vlasic,1,17:19,18:02,11,,,517,28,#006D75,0,8471709,San Jose Sharks,4313015,SJS,196,00:43
2014020696,SJS,Marc-Edouard,Vlasic,1,19:30,20:00,12,,,517,28,#006D75,0,8471709,San Jose Sharks,4313016,SJS,352,00:30
2014020696,SJS,Marc-Edouard,Vlasic,2,00:33,01:17,13,,,517,28,#006D75,0,8471709,San Jose Sharks,4313017,SJS,355,00:44
2014020696,SJS,Marc-Edouard,Vlasic,2,03:13,04:30,14,,,517,28,#006D75,0,8471709,San Jose Sharks,4313018,SJS,366,01:17
2014020696,SJS,Marc-Edouard,Vlasic,2,06:45,07:51,15,,,517,28,#006D75,0,8471709,San Jose Sharks,4313019,SJS,377,01:06
2014020696,SJS,Marc-Edouard,Vlasic,2,08:34,09:41,16,,,517,28,#006D75,0,8471709,San Jose Sharks,4313020,SJS,380,01:07
2014020696,SJS,Marc-Edouard,Vlasic,2,10:55,11:39,17,,,517,28,#006D75,0,8471709,San Jose Sharks,4313021,SJS,388,00:44
2014020696,SJS,Marc-Edouard,Vlasic,2,13:30,14:04,18,,,517,28,#006D75,0,8471709,San Jose Sharks,4313022,SJS,396,00:34
2014020696,SJS,Marc-Edouard,Vlasic,2,14:25,15:40,19,,,517,28,#006D75,0,8471709,San Jose Sharks,4313023,SJS,399,01:15
2014020696,SJS,Marc-Edouard,Vlasic,2,16:39,17:01,20,,,517,28,#006D75,0,8471709,San Jose Sharks,4313024,SJS,554,00:22
2014020696,SJS,Marc-Edouard,Vlasic,2,18:08,20:00,21,,,517,28,#006D75,0,8471709,San Jose Sharks,4313025,SJS,557,01:52
2014020696,SJS,Marc-Edouard,Vlasic,3,01:10,02:04,22,,,517,28,#006D75,0,8471709,San Jose Sharks,4313026,SJS,563,00:54
2014020696,SJS,Marc-Edouard,Vlasic,3,03:35,04:38,23,,,517,28,#006D75,0,8471709,San Jose Sharks,4313027,SJS,570,01:03
2014020696,SJS,Marc-Edouard,Vlasic,3,05:45,06:41,24,,,517,28,#006D75,0,8471709,San Jose Sharks,4313028,SJS,578,00:56
2014020696,SJS,Marc-Edouard,Vlasic,3,08:15,08:27,25,,,517,28,#006D75,0,8471709,San Jose Sharks,4313029,SJS,587,00:12
2014020696,SJS,Marc-Edouard,Vlasic,3,10:36,11:52,26,,,517,28,#006D75,0,8471709,San Jose Sharks,4313030,SJS,595,01:16
2014020696,SJS,Marc-Edouard,Vlasic,3,12:53,13:12,27,,,517,28,#006D75,0,8471709,San Jose Sharks,4313031,SJS,598,00:19
2014020696,SJS,Marc-Edouard,Vlasic,3,13:39,14:11,28,,,517,28,#006D75,0,8471709,San Jose Sharks,4313032,SJS,701,00:32
2014020696,SJS,Marc-Edouard,Vlasic,3,15:18,16:03,29,,,517,28,#006D75,0,8471709,San Jose Sharks,4313033,SJS,706,00:45
2014020696,SJS,Marc-Edouard,Vlasic,3,16:38,17:31,30,,,517,28,#006D75,0,8471709,San Jose Sharks,4313034,SJS,710,00:53
2014020696,SJS,Marc-Edouard,Vlasic,3,18:12,19:57,31,,,517,28,#006D75,0,8471709,San Jose Sharks,4313035,SJS,713,01:45
2014020696,LAK,Jonathan,Quick,1,00:00,20:00,1,,,517,26,#111111,0,8471734,Los Angeles Kings,4313036,LAK,4,20:00
2014020696,LAK,Jonathan,Quick,2,00:00,20:00,2,,,517,26,#111111,0,8471734,Los Angeles Kings,4313037,LAK,150,20:00
2014020696,LAK,Jonathan,Quick,3,00:00,05:44,3,,,517,26,#111111,0,8471734,Los Angeles Kings,4313038,LAK,606,05:44
2014020696,LAK,Jonathan,Quick,3,05:45,16:38,4,,,517,26,#111111,0,8471734,Los Angeles Kings,4313039,LAK,624,10:53
2014020696,LAK,Jonathan,Quick,3,19:37,19:42,5,,,517,26,#111111,0,8471734,Los Angeles Kings,4313040,LAK,763,00:05
2014020696,LAK,Jonathan,Quick,3,19:57,20:00,6,,,517,26,#111111,0,8471734,Los Angeles Kings,4313041,LAK,765,00:03
2014020696,SJS,Andrew,Desjardins,1,02:44,03:32,1,,,517,28,#006D75,0,8471956,San Jose Sharks,4313042,SJS,154,00:48
2014020696,SJS,Andrew,Desjardins,1,14:17,14:48,2,,,517,28,#006D75,0,8471956,San Jose Sharks,4313043,SJS,184,00:31
2014020696,SJS,Andrew,Desjardins,1,14:52,15:00,3,,,517,28,#006D75,0,8471956,San Jose Sharks,4313044,SJS,185,00:08
2014020696,SJS,Andrew,Desjardins,1,15:30,16:05,4,,,517,28,#006D75,0,8471956,San Jose Sharks,4313045,SJS,192,00:35
2014020696,SJS,Andrew,Desjardins,1,17:19,18:02,5,,,517,28,#006D75,0,8471956,San Jose Sharks,4313046,SJS,196,00:43
2014020696,SJS,Andrew,Desjardins,2,02:07,02:35,6,,,517,28,#006D75,0,8471956,San Jose Sharks,4313047,SJS,362,00:28
2014020696,SJS,Andrew,Desjardins,2,07:06,07:51,7,,,517,28,#006D75,0,8471956,San Jose Sharks,4313048,SJS,378,00:45
2014020696,SJS,Andrew,Desjardins,2,13:30,14:25,8,,,517,28,#006D75,0,8471956,San Jose Sharks,4313049,SJS,396,00:55
2014020696,SJS,Andrew,Desjardins,2,17:01,17:28,9,,,517,28,#006D75,0,8471956,San Jose Sharks,4313050,SJS,555,00:27
2014020696,SJS,Andrew,Desjardins,3,02:22,03:02,10,,,517,28,#006D75,0,8471956,San Jose Sharks,4313051,SJS,567,00:40
2014020696,SJS,Andrew,Desjardins,3,07:00,07:43,11,,,517,28,#006D75,0,8471956,San Jose Sharks,4313052,SJS,581,00:43
2014020696,SJS,Andrew,Desjardins,3,08:27,09:12,12,,,517,28,#006D75,0,8471956,San Jose Sharks,4313053,SJS,588,00:45
2014020696,SJS,Andrew,Desjardins,3,14:11,14:42,13,,,517,28,#006D75,0,8471956,San Jose Sharks,4313054,SJS,702,00:31
2014020696,SJS,Andrew,Desjardins,3,18:12,19:15,14,,,517,28,#006D75,0,8471956,San Jose Sharks,4313055,SJS,713,01:03
2014020696,LAK,Trevor,Lewis,1,00:00,00:20,1,,,517,26,#111111,0,8473453,Los Angeles Kings,4313056,LAK,4,00:20
2014020696,LAK,Trevor,Lewis,1,03:39,04:25,2,,,517,26,#111111,0,8473453,Los Angeles Kings,4313057,LAK,105,00:46
2014020696,LAK,Trevor,Lewis,1,06:11,06:57,3,,,517,26,#111111,0,8473453,Los Angeles Kings,4313058,LAK,114,00:46
2014020696,LAK,Trevor,Lewis,1,07:42,08:53,4,,,517,26,#111111,0,8473453,Los Angeles Kings,4313059,LAK,118,01:11
2014020696,LAK,Trevor,Lewis,1,11:36,12:42,5,,,517,26,#111111,0,8473453,Los Angeles Kings,4313060,LAK,130,01:06
2014020696,LAK,Trevor,Lewis,1,14:56,16:05,6,,,517,26,#111111,0,8473453,Los Angeles Kings,4313061,LAK,138,01:09
2014020696,LAK,Trevor,Lewis,1,18:52,19:53,7,,,517,26,#111111,0,8473453,Los Angeles Kings,4313062,LAK,147,01:01
2014020696,LAK,Trevor,Lewis,2,00:00,01:03,8,,,517,26,#111111,0,8473453,Los Angeles Kings,4313063,LAK,150,01:03
2014020696,LAK,Trevor,Lewis,2,02:35,03:36,9,,,517,26,#111111,0,8473453,Los Angeles Kings,4313064,LAK,307,01:01
2014020696,LAK,Trevor,Lewis,2,05:55,06:45,10,,,517,26,#111111,0,8473453,Los Angeles Kings,4313065,LAK,317,00:50
2014020696,LAK,Trevor,Lewis,2,07:52,08:37,11,,,517,26,#111111,0,8473453,Los Angeles Kings,4313066,LAK,320,00:45
2014020696,LAK,Trevor,Lewis,2,11:39,12:46,12,,,517,26,#111111,0,8473453,Los Angeles Kings,4313067,LAK,332,01:07
2014020696,LAK,Trevor,Lewis,2,16:16,16:39,13,,,517,26,#111111,0,8473453,Los Angeles Kings,4313068,LAK,341,00:23
2014020696,LAK,Trevor,Lewis,2,18:16,18:47,14,,,517,26,#111111,0,8473453,Los Angeles Kings,4313069,LAK,347,00:31
2014020696,LAK,Trevor,Lewis,3,00:00,01:09,15,,,517,26,#111111,0,8473453,Los Angeles Kings,4313070,LAK,606,01:09
2014020696,LAK,Trevor,Lewis,3,03:14,03:45,16,,,517,26,#111111,0,8473453,Los Angeles Kings,4313071,LAK,616,00:31
2014020696,LAK,Trevor,Lewis,3,05:31,05:45,17,,,517,26,#111111,0,8473453,Los Angeles Kings,4313072,LAK,622,00:14
2014020696,LAK,Trevor,Lewis,3,07:40,08:13,18,,,517,26,#111111,0,8473453,Los Angeles Kings,4313073,LAK,627,00:33
2014020696,LAK,Trevor,Lewis,3,09:58,10:39,19,,,517,26,#111111,0,8473453,Los Angeles Kings,4313074,LAK,637,00:41
2014020696,LAK,Trevor,Lewis,3,12:24,13:12,20,,,517,26,#111111,0,8473453,Los Angeles Kings,4313075,LAK,643,00:48
2014020696,LAK,Trevor,Lewis,3,15:12,15:18,21,,,517,26,#111111,0,8473453,Los Angeles Kings,4313076,LAK,648,00:06
2014020696,LAK,Trevor,Lewis,3,17:18,17:30,22,,,517,26,#111111,0,8473453,Los Angeles Kings,4313077,LAK,756,00:12
2014020696,LAK,Trevor,Lewis,3,18:33,18:51,23,,,517,26,#111111,0,8473453,Los Angeles Kings,4313078,LAK,759,00:18
2014020696,SJS,James,Sheppard,1,01:51,02:44,1,,,517,28,#006D75,0,8473536,San Jose Sharks,4313079,SJS,153,00:53
2014020696,SJS,James,Sheppard,1,04:56,05:39,2,,,517,28,#006D75,0,8473536,San Jose Sharks,4313080,SJS,161,00:43
2014020696,SJS,James,Sheppard,1,08:02,09:40,3,,,517,28,#006D75,0,8473536,San Jose Sharks,4313081,SJS,167,01:38
2014020696,SJS,James,Sheppard,1,11:34,12:42,4,,,517,28,#006D75,0,8473536,San Jose Sharks,4313082,SJS,176,01:08
2014020696,SJS,James,Sheppard,1,19:52,20:00,5,,,517,28,#006D75,0,8473536,San Jose Sharks,4313083,SJS,353,00:08
2014020696,SJS,James,Sheppard,2,00:54,02:07,6,,,517,28,#006D75,0,8473536,San Jose Sharks,4313084,SJS,357,01:13
2014020696,SJS,James,Sheppard,2,03:41,04:30,7,,,517,28,#006D75,0,8473536,San Jose Sharks,4313085,SJS,369,00:49
2014020696,SJS,James,Sheppard,2,05:32,06:11,8,,,517,28,#006D75,0,8473536,San Jose Sharks,4313086,SJS,374,00:39
2014020696,SJS,James,Sheppard,2,10:01,11:02,9,,,517,28,#006D75,0,8473536,San Jose Sharks,4313087,SJS,385,01:01
2014020696,SJS,James,Sheppard,2,12:42,13:30,10,,,517,28,#006D75,0,8473536,San Jose Sharks,4313088,SJS,395,00:48
2014020696,SJS,James,Sheppard,2,16:39,17:01,11,,,517,28,#006D75,0,8473536,San Jose Sharks,4313089,SJS,554,00:22
2014020696,SJS,James,Sheppard,2,18:08,18:47,12,,,517,28,#006D75,0,8473536,San Jose Sharks,4313090,SJS,557,00:39
2014020696,SJS,James,Sheppard,3,01:47,02:22,13,,,517,28,#006D75,0,8473536,San Jose Sharks,4313091,SJS,564,00:35
2014020696,SJS,James,Sheppard,3,04:25,05:40,14,,,517,28,#006D75,0,8473536,San Jose Sharks,4313092,SJS,573,01:15
2014020696,SJS,James,Sheppard,3,07:45,07:56,15,,,517,28,#006D75,0,8473536,San Jose Sharks,4313093,SJS,585,00:11
2014020696,SJS,James,Sheppard,3,09:12,09:58,16,,,517,28,#006D75,0,8473536,San Jose Sharks,4313094,SJS,589,00:46
2014020696,SJS,James,Sheppard,3,11:52,12:24,17,,,517,28,#006D75,0,8473536,San Jose Sharks,4313095,SJS,596,00:32
2014020696,SJS,James,Sheppard,3,12:53,13:39,18,,,517,28,#006D75,0,8473536,San Jose Sharks,4313096,SJS,598,00:46
2014020696,SJS,James,Sheppard,3,15:13,15:18,19,,,517,28,#006D75,0,8473536,San Jose Sharks,4313097,SJS,705,00:05
2014020696,SJS,James,Sheppard,3,16:14,16:38,20,,,517,28,#006D75,0,8473536,San Jose Sharks,4313098,SJS,709,00:24
2014020696,SJS,John,Scott,1,02:44,03:32,1,,,517,28,#006D75,0,8473722,San Jose Sharks,4313099,SJS,154,00:48
2014020696,SJS,John,Scott,1,08:47,09:40,2,,,517,28,#006D75,0,8473722,San Jose Sharks,4313100,SJS,168,00:53
2014020696,SJS,John,Scott,1,14:11,14:48,3,,,517,28,#006D75,0,8473722,San Jose Sharks,4313101,SJS,183,00:37
2014020696,SJS,John,Scott,1,14:52,15:00,4,,,517,28,#006D75,0,8473722,San Jose Sharks,4313102,SJS,185,00:08
2014020696,SJS,John,Scott,1,15:30,16:05,5,,,517,28,#006D75,0,8473722,San Jose Sharks,4313103,SJS,192,00:35
2014020696,SJS,John,Scott,1,18:05,18:16,6,,,517,28,#006D75,0,8473722,San Jose Sharks,4313104,SJS,199,00:11
2014020696,SJS,John,Scott,2,01:54,02:35,7,,,517,28,#006D75,0,8473722,San Jose Sharks,4313105,SJS,361,00:41
2014020696,SJS,John,Scott,2,08:54,09:41,8,,,517,28,#006D75,0,8473722,San Jose Sharks,4313106,SJS,382,00:47
2014020696,SJS,John,Scott,2,13:30,14:25,9,,,517,28,#006D75,0,8473722,San Jose Sharks,4313107,SJS,396,00:55
2014020696,SJS,John,Scott,2,17:01,17:28,10,,,517,28,#006D75,0,8473722,San Jose Sharks,4313108,SJS,555,00:27
2014020696,SJS,John,Scott,3,02:22,03:02,11,,,517,28,#006D75,0,8473722,San Jose Sharks,4313109,SJS,567,00:40
2014020696,SJS,John,Scott,3,08:27,09:23,12,,,517,28,#006D75,0,8473722,San Jose Sharks,4313110,SJS,588,00:56
2014020696,SJS,John,Scott,3,14:24,14:42,13,,,517,28,#006D75,0,8473722,San Jose Sharks,4313111,SJS,703,00:18
2014020696,SJS,Logan,Couture,1,10:44,10:44,0,EVG,"Matt Irwin, Antti Niemi",505,28,#006D75,803,8474053,San Jose Sharks,5271780,SJS,43,
2014020696,SJS,Logan,Couture,1,00:20,00:53,1,,,517,28,#006D75,0,8474053,San Jose Sharks,4313112,SJS,151,00:33
2014020696,SJS,Logan,Couture,1,04:17,04:56,2,,,517,28,#006D75,0,8474053,San Jose Sharks,4313113,SJS,158,00:39
2014020696,SJS,Logan,Couture,1,06:11,06:57,3,,,517,28,#006D75,0,8474053,San Jose Sharks,4313114,SJS,164,00:46
2014020696,SJS,Logan,Couture,1,07:42,08:02,4,,,517,28,#006D75,0,8474053,San Jose Sharks,4313115,SJS,166,00:20
2014020696,SJS,Logan,Couture,1,10:30,11:34,5,,,517,28,#006D75,0,8474053,San Jose Sharks,4313116,SJS,173,01:04
2014020696,SJS,Logan,Couture,1,13:35,14:17,6,,,517,28,#006D75,0,8474053,San Jose Sharks,4313117,SJS,181,00:42
2014020696,SJS,Logan,Couture,1,16:51,17:19,7,,,517,28,#006D75,0,8474053,San Jose Sharks,4313118,SJS,195,00:28
2014020696,SJS,Logan,Couture,1,18:02,18:52,8,,,517,28,#006D75,0,8474053,San Jose Sharks,4313119,SJS,198,00:50
2014020696,SJS,Logan,Couture,2,00:33,00:54,9,,,517,28,#006D75,0,8474053,San Jose Sharks,4313120,SJS,355,00:21
2014020696,SJS,Logan,Couture,2,03:27,03:41,10,,,517,28,#006D75,0,8474053,San Jose Sharks,4313121,SJS,368,00:14
2014020696,SJS,Logan,Couture,2,04:30,04:44,11,,,517,28,#006D75,0,8474053,San Jose Sharks,4313122,SJS,371,00:14
2014020696,SJS,Logan,Couture,2,06:45,07:06,12,,,517,28,#006D75,0,8474053,San Jose Sharks,4313123,SJS,377,00:21
2014020696,SJS,Logan,Couture,2,08:34,09:25,13,,,517,28,#006D75,0,8474053,San Jose Sharks,4313124,SJS,380,00:51
2014020696,SJS,Logan,Couture,2,11:02,11:39,14,,,517,28,#006D75,0,8474053,San Jose Sharks,4313125,SJS,389,00:37
2014020696,SJS,Logan,Couture,2,14:25,15:07,15,,,517,28,#006D75,0,8474053,San Jose Sharks,4313126,SJS,399,00:42
2014020696,SJS,Logan,Couture,2,15:40,16:39,16,,,517,28,#006D75,0,8474053,San Jose Sharks,4313127,SJS,553,00:59
2014020696,SJS,Logan,Couture,2,18:47,19:27,17,,,517,28,#006D75,0,8474053,San Jose Sharks,4313128,SJS,558,00:40
2014020696,SJS,Logan,Couture,3,19:57,19:57,0,EVG,,505,28,#006D75,,8474053,San Jose Sharks,5271785,SJS,534,
2014020696,SJS,Logan,Couture,3,01:05,01:47,18,,,517,28,#006D75,0,8474053,San Jose Sharks,4313129,SJS,562,00:42
2014020696,SJS,Logan,Couture,3,03:35,04:25,19,,,517,28,#006D75,0,8474053,San Jose Sharks,4313130,SJS,570,00:50
2014020696,SJS,Logan,Couture,3,06:11,06:41,20,,,517,28,#006D75,0,8474053,San Jose Sharks,4313131,SJS,579,00:30
2014020696,SJS,Logan,Couture,3,07:56,08:27,21,,,517,28,#006D75,0,8474053,San Jose Sharks,4313132,SJS,586,00:31
2014020696,SJS,Logan,Couture,3,10:36,11:52,22,,,517,28,#006D75,0,8474053,San Jose Sharks,4313133,SJS,595,01:16
2014020696,SJS,Logan,Couture,3,13:39,14:11,23,,,517,28,#006D75,0,8474053,San Jose Sharks,4313134,SJS,701,00:32
2014020696,SJS,Logan,Couture,3,15:51,16:14,24,,,517,28,#006D75,0,8474053,San Jose Sharks,4313135,SJS,707,00:23
2014020696,SJS,Logan,Couture,3,17:31,18:12,25,,,517,28,#006D75,0,8474053,San Jose Sharks,4313136,SJS,712,00:41
2014020696,SJS,Logan,Couture,3,18:51,19:57,26,,,517,28,#006D75,0,8474053,San Jose Sharks,4313137,SJS,715,01:06
2014020696,LAK,Dwight,King,1,00:53,02:44,1,,,517,26,#111111,0,8474100,Los Angeles Kings,4313138,LAK,102,01:51
2014020696,LAK,Dwight,King,1,05:40,06:11,2,,,517,26,#111111,0,8474100,Los Angeles Kings,4313139,LAK,113,00:31
2014020696,LAK,Dwight,King,1,07:42,08:53,3,,,517,26,#111111,0,8474100,Los Angeles Kings,4313140,LAK,118,01:11
2014020696,LAK,Dwight,King,1,09:48,10:44,4,,,517,26,#111111,0,8474100,Los Angeles Kings,4313141,LAK,125,00:56
2014020696,LAK,Dwight,King,1,14:18,14:56,5,,,517,26,#111111,0,8474100,Los Angeles Kings,4313142,LAK,136,00:38
2014020696,LAK,Dwight,King,1,18:52,20:00,6,,,517,26,#111111,0,8474100,Los Angeles Kings,4313143,LAK,147,01:08
2014020696,LAK,Dwight,King,2,00:00,00:54,7,,,517,26,#111111,0,8474100,Los Angeles Kings,4313144,LAK,150,00:54
2014020696,LAK,Dwight,King,2,02:35,03:36,8,,,517,26,#111111,0,8474100,Los Angeles Kings,4313145,LAK,307,01:01
2014020696,LAK,Dwight,King,2,06:03,06:45,9,,,517,26,#111111,0,8474100,Los Angeles Kings,4313146,LAK,318,00:42
2014020696,LAK,Dwight,King,2,07:52,08:37,10,,,517,26,#111111,0,8474100,Los Angeles Kings,4313147,LAK,320,00:45
2014020696,LAK,Dwight,King,2,11:39,12:46,11,,,517,26,#111111,0,8474100,Los Angeles Kings,4313148,LAK,332,01:07
2014020696,LAK,Dwight,King,2,16:16,16:39,12,,,517,26,#111111,0,8474100,Los Angeles Kings,4313149,LAK,341,00:23
2014020696,LAK,Dwight,King,2,18:16,18:47,13,,,517,26,#111111,0,8474100,Los Angeles Kings,4313150,LAK,347,00:31
2014020696,LAK,Dwight,King,2,19:24,20:00,14,,,517,26,#111111,0,8474100,Los Angeles Kings,4313151,LAK,601,00:36
2014020696,LAK,Dwight,King,3,00:00,01:09,15,,,517,26,#111111,0,8474100,Los Angeles Kings,4313152,LAK,606,01:09
2014020696,LAK,Dwight,King,3,03:07,03:45,16,,,517,26,#111111,0,8474100,Los Angeles Kings,4313153,LAK,614,00:38
2014020696,LAK,Dwight,King,3,05:31,05:45,17,,,517,26,#111111,0,8474100,Los Angeles Kings,4313154,LAK,622,00:14
2014020696,LAK,Dwight,King,3,07:46,08:13,18,,,517,26,#111111,0,8474100,Los Angeles Kings,4313155,LAK,628,00:27
2014020696,LAK,Dwight,King,3,09:58,10:39,19,,,517,26,#111111,0,8474100,Los Angeles Kings,4313156,LAK,637,00:41
2014020696,LAK,Dwight,King,3,12:24,13:12,20,,,517,26,#111111,0,8474100,Los Angeles Kings,4313157,LAK,643,00:48
2014020696,LAK,Dwight,King,3,15:12,15:18,21,,,517,26,#111111,0,8474100,Los Angeles Kings,4313158,LAK,648,00:06
2014020696,LAK,Dwight,King,3,18:22,18:51,22,,,517,26,#111111,0,8474100,Los Angeles Kings,4313159,LAK,758,00:29
2014020696,LAK,Jake,Muzzin,1,00:00,00:20,1,,,517,26,#111111,0,8474162,Los Angeles Kings,4313160,LAK,4,00:20
2014020696,LAK,Jake,Muzzin,1,02:44,03:45,2,,,517,26,#111111,0,8474162,Los Angeles Kings,4313161,LAK,103,01:01
2014020696,LAK,Jake,Muzzin,1,04:22,05:01,3,,,517,26,#111111,0,8474162,Los Angeles Kings,4313162,LAK,109,00:39
2014020696,LAK,Jake,Muzzin,1,09:40,10:29,4,,,517,26,#111111,0,8474162,Los Angeles Kings,4313163,LAK,124,00:49
2014020696,LAK,Jake,Muzzin,1,10:51,11:50,5,,,517,26,#111111,0,8474162,Los Angeles Kings,4313164,LAK,129,00:59
2014020696,LAK,Jake,Muzzin,1,13:32,14:29,6,,,517,26,#111111,0,8474162,Los Angeles Kings,4313165,LAK,133,00:57
2014020696,LAK,Jake,Muzzin,1,16:05,17:19,7,,,517,26,#111111,0,8474162,Los Angeles Kings,4313166,LAK,142,01:14
2014020696,LAK,Jake,Muzzin,2,00:00,00:54,8,,,517,26,#111111,0,8474162,Los Angeles Kings,4313167,LAK,150,00:54
2014020696,LAK,Jake,Muzzin,2,02:05,02:35,9,,,517,26,#111111,0,8474162,Los Angeles Kings,4313168,LAK,304,00:30
2014020696,LAK,Jake,Muzzin,2,03:31,04:20,10,,,517,26,#111111,0,8474162,Los Angeles Kings,4313169,LAK,308,00:49
2014020696,LAK,Jake,Muzzin,2,06:45,08:07,11,,,517,26,#111111,0,8474162,Los Angeles Kings,4313170,LAK,319,01:22
2014020696,LAK,Jake,Muzzin,2,09:31,10:51,12,,,517,26,#111111,0,8474162,Los Angeles Kings,4313171,LAK,324,01:20
2014020696,LAK,Jake,Muzzin,2,11:14,12:46,13,,,517,26,#111111,0,8474162,Los Angeles Kings,4313172,LAK,331,01:32
2014020696,LAK,Jake,Muzzin,2,14:35,15:40,14,,,517,26,#111111,0,8474162,Los Angeles Kings,4313173,LAK,338,01:05
2014020696,LAK,Jake,Muzzin,2,16:16,16:39,15,,,517,26,#111111,0,8474162,Los Angeles Kings,4313174,LAK,341,00:23
2014020696,LAK,Jake,Muzzin,2,17:01,17:28,16,,,517,26,#111111,0,8474162,Los Angeles Kings,4313175,LAK,344,00:27
2014020696,LAK,Jake,Muzzin,2,18:00,18:47,17,,,517,26,#111111,0,8474162,Los Angeles Kings,4313176,LAK,346,00:47
2014020696,LAK,Jake,Muzzin,2,19:20,20:00,18,,,517,26,#111111,0,8474162,Los Angeles Kings,4313177,LAK,350,00:40
2014020696,LAK,Jake,Muzzin,3,00:00,00:32,19,,,517,26,#111111,0,8474162,Los Angeles Kings,4313178,LAK,606,00:32
2014020696,LAK,Jake,Muzzin,3,02:22,03:13,20,,,517,26,#111111,0,8474162,Los Angeles Kings,4313179,LAK,612,00:51
2014020696,LAK,Jake,Muzzin,3,03:45,04:14,21,,,517,26,#111111,0,8474162,Los Angeles Kings,4313180,LAK,618,00:29
2014020696,LAK,Jake,Muzzin,3,05:45,07:40,22,,,517,26,#111111,0,8474162,Los Angeles Kings,4313181,LAK,624,01:55
2014020696,LAK,Jake,Muzzin,3,09:52,09:58,23,,,517,26,#111111,0,8474162,Los Angeles Kings,4313182,LAK,635,00:06
2014020696,LAK,Jake,Muzzin,3,10:39,11:02,24,,,517,26,#111111,0,8474162,Los Angeles Kings,4313183,LAK,638,00:23
2014020696,LAK,Jake,Muzzin,3,12:24,13:12,25,,,517,26,#111111,0,8474162,Los Angeles Kings,4313184,LAK,643,00:48
2014020696,LAK,Jake,Muzzin,3,14:09,15:12,26,,,517,26,#111111,0,8474162,Los Angeles Kings,4313185,LAK,646,01:03
2014020696,LAK,Jake,Muzzin,3,15:18,16:17,27,,,517,26,#111111,0,8474162,Los Angeles Kings,4313186,LAK,650,00:59
2014020696,LAK,Jake,Muzzin,3,18:51,19:25,28,,,517,26,#111111,0,8474162,Los Angeles Kings,4313187,LAK,760,00:34
2014020696,LAK,Alec,Martinez,1,00:20,00:53,1,,,517,26,#111111,0,8474166,Los Angeles Kings,4313188,LAK,101,00:33
2014020696,LAK,Alec,Martinez,1,03:45,04:08,2,,,517,26,#111111,0,8474166,Los Angeles Kings,4313189,LAK,106,00:23
2014020696,LAK,Alec,Martinez,1,06:57,07:42,3,,,517,26,#111111,0,8474166,Los Angeles Kings,4313190,LAK,116,00:45
2014020696,LAK,Alec,Martinez,1,10:29,10:51,4,,,517,26,#111111,0,8474166,Los Angeles Kings,4313191,LAK,126,00:22
2014020696,LAK,Alec,Martinez,1,12:42,13:32,5,,,517,26,#111111,0,8474166,Los Angeles Kings,4313192,LAK,132,00:50
2014020696,LAK,Alec,Martinez,1,15:18,16:05,6,,,517,26,#111111,0,8474166,Los Angeles Kings,4313193,LAK,139,00:47
2014020696,LAK,Alec,Martinez,1,17:19,18:32,7,,,517,26,#111111,0,8474166,Los Angeles Kings,4313194,LAK,143,01:13
2014020696,LAK,Alec,Martinez,2,00:54,01:17,8,,,517,26,#111111,0,8474166,Los Angeles Kings,4313195,LAK,301,00:23
2014020696,LAK,Alec,Martinez,2,02:35,03:31,9,,,517,26,#111111,0,8474166,Los Angeles Kings,4313196,LAK,307,00:56
2014020696,LAK,Alec,Martinez,2,05:52,06:45,10,,,517,26,#111111,0,8474166,Los Angeles Kings,4313197,LAK,316,00:53
2014020696,LAK,Alec,Martinez,2,07:52,08:54,11,,,517,26,#111111,0,8474166,Los Angeles Kings,4313198,LAK,320,01:02
2014020696,LAK,Alec,Martinez,2,12:46,13:30,12,,,517,26,#111111,0,8474166,Los Angeles Kings,4313199,LAK,333,00:44
2014020696,LAK,Alec,Martinez,2,15:40,16:16,13,,,517,26,#111111,0,8474166,Los Angeles Kings,4313200,LAK,605,00:36
2014020696,LAK,Alec,Martinez,2,16:39,17:01,14,,,517,26,#111111,0,8474166,Los Angeles Kings,4313201,LAK,343,00:22
2014020696,LAK,Alec,Martinez,2,17:28,18:00,15,,,517,26,#111111,0,8474166,Los Angeles Kings,4313202,LAK,345,00:32
2014020696,LAK,Alec,Martinez,3,00:32,01:24,16,,,517,26,#111111,0,8474166,Los Angeles Kings,4313203,LAK,607,00:52
2014020696,LAK,Alec,Martinez,3,03:13,03:45,17,,,517,26,#111111,0,8474166,Los Angeles Kings,4313204,LAK,615,00:32
2014020696,LAK,Alec,Martinez,3,05:06,05:45,18,,,517,26,#111111,0,8474166,Los Angeles Kings,4313205,LAK,621,00:39
2014020696,LAK,Alec,Martinez,3,07:19,08:13,19,,,517,26,#111111,0,8474166,Los Angeles Kings,4313206,LAK,626,00:54
2014020696,LAK,Alec,Martinez,3,09:23,09:52,20,,,517,26,#111111,0,8474166,Los Angeles Kings,4313207,LAK,634,00:29
2014020696,LAK,Alec,Martinez,3,09:58,10:53,21,,,517,26,#111111,0,8474166,Los Angeles Kings,4313208,LAK,637,00:55
2014020696,LAK,Alec,Martinez,3,13:28,14:09,22,,,517,26,#111111,0,8474166,Los Angeles Kings,4313209,LAK,645,00:41
2014020696,LAK,Alec,Martinez,3,15:56,16:38,23,,,517,26,#111111,0,8474166,Los Angeles Kings,4313210,LAK,752,00:42
2014020696,LAK,Alec,Martinez,3,18:33,18:51,24,,,517,26,#111111,0,8474166,Los Angeles Kings,4313211,LAK,759,00:18
2014020696,LAK,Alec,Martinez,3,19:25,19:28,25,,,517,26,#111111,0,8474166,Los Angeles Kings,4313212,LAK,761,00:03
2014020696,SJS,Antti,Niemi,1,00:00,20:00,1,,,517,28,#006D75,0,8474550,San Jose Sharks,4313213,SJS,3,20:00
2014020696,SJS,Antti,Niemi,2,00:00,20:00,2,,,517,28,#006D75,0,8474550,San Jose Sharks,4313214,SJS,354,20:00
2014020696,SJS,Antti,Niemi,3,00:00,20:00,3,,,517,28,#006D75,0,8474550,San Jose Sharks,4313215,SJS,561,20:00
2014020696,LAK,Drew,Doughty,1,00:00,00:20,1,,,517,26,#111111,0,8474563,Los Angeles Kings,4313216,LAK,4,00:20
2014020696,LAK,Drew,Doughty,1,02:44,03:45,2,,,517,26,#111111,0,8474563,Los Angeles Kings,4313217,LAK,103,01:01
2014020696,LAK,Drew,Doughty,1,04:08,05:40,3,,,517,26,#111111,0,8474563,Los Angeles Kings,4313218,LAK,107,01:32
2014020696,LAK,Drew,Doughty,1,06:11,06:57,4,,,517,26,#111111,0,8474563,Los Angeles Kings,4313219,LAK,114,00:46
2014020696,LAK,Drew,Doughty,1,07:42,08:49,5,,,517,26,#111111,0,8474563,Los Angeles Kings,4313220,LAK,118,01:07
2014020696,LAK,Drew,Doughty,1,09:40,10:29,6,,,517,26,#111111,0,8474563,Los Angeles Kings,4313221,LAK,124,00:49
2014020696,LAK,Drew,Doughty,1,10:51,11:50,7,,,517,26,#111111,0,8474563,Los Angeles Kings,4313222,LAK,129,00:59
2014020696,LAK,Drew,Doughty,1,13:32,14:29,8,,,517,26,#111111,0,8474563,Los Angeles Kings,4313223,LAK,133,00:57
2014020696,LAK,Drew,Doughty,1,16:05,17:19,9,,,517,26,#111111,0,8474563,Los Angeles Kings,4313224,LAK,142,01:14
2014020696,LAK,Drew,Doughty,1,17:36,18:32,10,,,517,26,#111111,0,8474563,Los Angeles Kings,4313225,LAK,144,00:56
2014020696,LAK,Drew,Doughty,1,19:53,20:00,11,,,517,26,#111111,0,8474563,Los Angeles Kings,4313226,LAK,148,00:07
2014020696,LAK,Drew,Doughty,2,00:00,00:54,12,,,517,26,#111111,0,8474563,Los Angeles Kings,4313227,LAK,150,00:54
2014020696,LAK,Drew,Doughty,2,02:05,02:35,13,,,517,26,#111111,0,8474563,Los Angeles Kings,4313228,LAK,304,00:30
2014020696,LAK,Drew,Doughty,2,03:31,04:20,14,,,517,26,#111111,0,8474563,Los Angeles Kings,4313229,LAK,308,00:49
2014020696,LAK,Drew,Doughty,2,06:45,07:52,15,,,517,26,#111111,0,8474563,Los Angeles Kings,4313230,LAK,319,01:07
2014020696,LAK,Drew,Doughty,2,09:51,10:51,16,,,517,26,#111111,0,8474563,Los Angeles Kings,4313231,LAK,326,01:00
2014020696,LAK,Drew,Doughty,2,11:14,12:46,17,,,517,26,#111111,0,8474563,Los Angeles Kings,4313232,LAK,331,01:32
2014020696,LAK,Drew,Doughty,2,14:35,15:40,18,,,517,26,#111111,0,8474563,Los Angeles Kings,4313233,LAK,338,01:05
2014020696,LAK,Drew,Doughty,2,17:01,17:28,19,,,517,26,#111111,0,8474563,Los Angeles Kings,4313234,LAK,344,00:27
2014020696,LAK,Drew,Doughty,2,18:00,18:47,20,,,517,26,#111111,0,8474563,Los Angeles Kings,4313235,LAK,346,00:47
2014020696,LAK,Drew,Doughty,2,19:37,20:00,21,,,517,26,#111111,0,8474563,Los Angeles Kings,4313236,LAK,602,00:23
2014020696,LAK,Drew,Doughty,3,00:00,00:32,22,,,517,26,#111111,0,8474563,Los Angeles Kings,4313237,LAK,606,00:32
2014020696,LAK,Drew,Doughty,3,02:22,03:13,23,,,517,26,#111111,0,8474563,Los Angeles Kings,4313238,LAK,612,00:51
2014020696,LAK,Drew,Doughty,3,03:45,04:14,24,,,517,26,#111111,0,8474563,Los Angeles Kings,4313239,LAK,618,00:29
2014020696,LAK,Drew,Doughty,3,05:45,06:41,25,,,517,26,#111111,0,8474563,Los Angeles Kings,4313240,LAK,624,00:56
2014020696,LAK,Drew,Doughty,3,08:27,09:23,26,,,517,26,#111111,0,8474563,Los Angeles Kings,4313241,LAK,631,00:56
2014020696,LAK,Drew,Doughty,3,09:52,09:58,27,,,517,26,#111111,0,8474563,Los Angeles Kings,4313242,LAK,635,00:06
2014020696,LAK,Drew,Doughty,3,10:53,12:04,28,,,517,26,#111111,0,8474563,Los Angeles Kings,4313243,LAK,639,01:11
2014020696,LAK,Drew,Doughty,3,12:24,13:12,29,,,517,26,#111111,0,8474563,Los Angeles Kings,4313244,LAK,643,00:48
2014020696,LAK,Drew,Doughty,3,14:09,15:56,30,,,517,26,#111111,0,8474563,Los Angeles Kings,4313245,LAK,646,01:47
2014020696,LAK,Drew,Doughty,3,16:38,18:33,31,,,517,26,#111111,0,8474563,Los Angeles Kings,4313246,LAK,755,01:55
2014020696,LAK,Drew,Doughty,3,18:51,19:57,32,,,517,26,#111111,0,8474563,Los Angeles Kings,4313247,LAK,760,01:06
2014020696,LAK,Kyle,Clifford,1,02:44,03:39,1,,,517,26,#111111,0,8475160,Los Angeles Kings,4313248,LAK,103,00:55
2014020696,LAK,Kyle,Clifford,1,08:53,09:15,2,,,517,26,#111111,0,8475160,Los Angeles Kings,4313249,LAK,121,00:22
2014020696,LAK,Kyle,Clifford,1,09:40,09:48,3,,,517,26,#111111,0,8475160,Los Angeles Kings,4313250,LAK,124,00:08
2014020696,LAK,Kyle,Clifford,1,15:30,16:05,4,,,517,26,#111111,0,8475160,Los Angeles Kings,4313251,LAK,141,00:35
2014020696,LAK,Kyle,Clifford,1,18:13,18:52,5,,,517,26,#111111,0,8475160,Los Angeles Kings,4313252,LAK,145,00:39
2014020696,LAK,Kyle,Clifford,2,02:05,02:35,6,,,517,26,#111111,0,8475160,Los Angeles Kings,4313253,LAK,304,00:30
2014020696,LAK,Kyle,Clifford,2,04:59,06:03,7,,,517,26,#111111,0,8475160,Los Angeles Kings,4313254,LAK,313,01:04
2014020696,LAK,Kyle,Clifford,2,09:44,10:32,8,,,517,26,#111111,0,8475160,Los Angeles Kings,4313255,LAK,325,00:48
2014020696,LAK,Kyle,Clifford,2,13:30,14:18,9,,,517,26,#111111,0,8475160,Los Angeles Kings,4313256,LAK,335,00:48
2014020696,LAK,Kyle,Clifford,2,17:01,17:28,10,,,517,26,#111111,0,8475160,Los Angeles Kings,4313257,LAK,344,00:27
2014020696,LAK,Kyle,Clifford,3,02:22,03:07,11,,,517,26,#111111,0,8475160,Los Angeles Kings,4313258,LAK,612,00:45
2014020696,LAK,Kyle,Clifford,3,08:27,09:14,12,,,517,26,#111111,0,8475160,Los Angeles Kings,4313259,LAK,631,00:47
2014020696,LAK,Kyle,Clifford,3,12:04,12:24,13,,,517,26,#111111,0,8475160,Los Angeles Kings,4313260,LAK,641,00:20
2014020696,LAK,Kyle,Clifford,3,14:24,15:12,14,,,517,26,#111111,0,8475160,Los Angeles Kings,4313261,LAK,647,00:48
2014020696,LAK,Kyle,Clifford,3,17:30,18:22,15,,,517,26,#111111,0,8475160,Los Angeles Kings,4313262,LAK,757,00:52
2014020696,LAK,Brayden,McNabb,1,00:53,02:44,1,,,517,26,#111111,0,8475188,Los Angeles Kings,4313263,LAK,102,01:51
2014020696,LAK,Brayden,McNabb,1,05:01,05:40,2,,,517,26,#111111,0,8475188,Los Angeles Kings,4313264,LAK,112,00:39
2014020696,LAK,Brayden,McNabb,1,08:49,09:40,3,,,517,26,#111111,0,8475188,Los Angeles Kings,4313265,LAK,120,00:51
2014020696,LAK,Brayden,McNabb,1,11:50,12:42,4,,,517,26,#111111,0,8475188,Los Angeles Kings,4313266,LAK,131,00:52
2014020696,LAK,Brayden,McNabb,1,14:29,15:18,5,,,517,26,#111111,0,8475188,Los Angeles Kings,4313267,LAK,137,00:49
2014020696,LAK,Brayden,McNabb,1,17:19,17:36,6,,,517,26,#111111,0,8475188,Los Angeles Kings,4313268,LAK,143,00:17
2014020696,LAK,Brayden,McNabb,2,01:17,02:05,7,,,517,26,#111111,0,8475188,Los Angeles Kings,4313269,LAK,303,00:48
2014020696,LAK,Brayden,McNabb,2,04:20,05:52,8,,,517,26,#111111,0,8475188,Los Angeles Kings,4313270,LAK,311,01:32
2014020696,LAK,Brayden,McNabb,2,08:07,08:54,9,,,517,26,#111111,0,8475188,Los Angeles Kings,4313271,LAK,321,00:47
2014020696,LAK,Brayden,McNabb,2,10:51,11:07,10,,,517,26,#111111,0,8475188,Los Angeles Kings,4313272,LAK,328,00:16
2014020696,LAK,Brayden,McNabb,2,13:30,14:35,11,,,517,26,#111111,0,8475188,Los Angeles Kings,4313273,LAK,335,01:05
2014020696,LAK,Brayden,McNabb,3,01:24,02:22,12,,,517,26,#111111,0,8475188,Los Angeles Kings,4313274,LAK,609,00:58
2014020696,LAK,Brayden,McNabb,3,04:14,05:06,13,,,517,26,#111111,0,8475188,Los Angeles Kings,4313275,LAK,619,00:52
2014020696,LAK,Brayden,McNabb,3,08:27,09:04,14,,,517,26,#111111,0,8475188,Los Angeles Kings,4313276,LAK,631,00:37
2014020696,LAK,Brayden,McNabb,3,12:04,12:24,15,,,517,26,#111111,0,8475188,Los Angeles Kings,4313277,LAK,641,00:20
2014020696,LAK,Brayden,McNabb,3,13:12,13:28,16,,,517,26,#111111,0,8475188,Los Angeles Kings,4313278,LAK,644,00:16
2014020696,LAK,Brayden,McNabb,3,19:57,20:00,17,,,517,26,#111111,0,8475188,Los Angeles Kings,4313279,LAK,765,00:03
2014020696,LAK,Jordan,Nolan,1,02:44,03:34,1,,,517,26,#111111,0,8475325,Los Angeles Kings,4313280,LAK,103,00:50
2014020696,LAK,Jordan,Nolan,1,08:53,09:15,2,,,517,26,#111111,0,8475325,Los Angeles Kings,4313281,LAK,121,00:22
2014020696,LAK,Jordan,Nolan,1,09:40,09:48,3,,,517,26,#111111,0,8475325,Los Angeles Kings,4313282,LAK,124,00:08
2014020696,LAK,Jordan,Nolan,1,12:42,13:40,4,,,517,26,#111111,0,8475325,Los Angeles Kings,4313283,LAK,132,00:58
2014020696,LAK,Jordan,Nolan,1,14:56,16:05,5,,,517,26,#111111,0,8475325,Los Angeles Kings,4313284,LAK,138,01:09
2014020696,LAK,Jordan,Nolan,1,18:13,18:52,6,,,517,26,#111111,0,8475325,Los Angeles Kings,4313285,LAK,145,00:39
2014020696,LAK,Jordan,Nolan,2,02:16,02:35,7,,,517,26,#111111,0,8475325,Los Angeles Kings,4313286,LAK,306,00:19
2014020696,LAK,Jordan,Nolan,2,05:11,05:55,8,,,517,26,#111111,0,8475325,Los Angeles Kings,4313287,LAK,314,00:44
2014020696,LAK,Jordan,Nolan,2,08:07,08:37,9,,,517,26,#111111,0,8475325,Los Angeles Kings,4313288,LAK,321,00:30
2014020696,LAK,Jordan,Nolan,2,09:51,10:53,10,,,517,26,#111111,0,8475325,Los Angeles Kings,4313289,LAK,326,01:02
2014020696,LAK,Jordan,Nolan,2,13:30,14:56,11,,,517,26,#111111,0,8475325,Los Angeles Kings,4313290,LAK,335,01:26
2014020696,LAK,Jordan,Nolan,2,17:01,17:28,12,,,517,26,#111111,0,8475325,Los Angeles Kings,4313291,LAK,344,00:27
2014020696,LAK,Jordan,Nolan,3,02:22,03:14,13,,,517,26,#111111,0,8475325,Los Angeles Kings,4313292,LAK,612,00:52
2014020696,LAK,Jordan,Nolan,3,08:27,09:14,14,,,517,26,#111111,0,8475325,Los Angeles Kings,4313293,LAK,631,00:47
2014020696,LAK,Jordan,Nolan,3,12:04,12:24,15,,,517,26,#111111,0,8475325,Los Angeles Kings,4313294,LAK,641,00:20
2014020696,LAK,Jordan,Nolan,3,14:09,15:12,16,,,517,26,#111111,0,8475325,Los Angeles Kings,4313295,LAK,646,01:03
2014020696,LAK,Jordan,Nolan,3,17:30,18:33,17,,,517,26,#111111,0,8475325,Los Angeles Kings,4313296,LAK,757,01:03
2014020696,SJS,Brenden,Dillon,1,00:00,00:20,1,,,517,28,#006D75,0,8475455,San Jose Sharks,4313297,SJS,3,00:20
2014020696,SJS,Brenden,Dillon,1,01:51,03:17,2,,,517,28,#006D75,0,8475455,San Jose Sharks,4313298,SJS,153,01:26
2014020696,SJS,Brenden,Dillon,1,04:28,04:47,3,,,517,28,#006D75,0,8475455,San Jose Sharks,4313299,SJS,159,00:19
2014020696,SJS,Brenden,Dillon,1,09:40,09:48,4,,,517,28,#006D75,0,8475455,San Jose Sharks,4313300,SJS,170,00:08
2014020696,SJS,Brenden,Dillon,1,16:51,17:19,5,,,517,28,#006D75,0,8475455,San Jose Sharks,4313301,SJS,195,00:28
2014020696,SJS,Brenden,Dillon,1,18:52,19:30,6,,,517,28,#006D75,0,8475455,San Jose Sharks,4313302,SJS,351,00:38
2014020696,SJS,Brenden,Dillon,2,00:00,00:33,7,,,517,28,#006D75,0,8475455,San Jose Sharks,4313303,SJS,354,00:33
2014020696,SJS,Brenden,Dillon,2,02:20,03:19,8,,,517,28,#006D75,0,8475455,San Jose Sharks,4313304,SJS,363,00:59
2014020696,SJS,Brenden,Dillon,2,05:26,06:45,9,,,517,28,#006D75,0,8475455,San Jose Sharks,4313305,SJS,373,01:19
2014020696,SJS,Brenden,Dillon,2,08:45,08:54,10,,,517,28,#006D75,0,8475455,San Jose Sharks,4313306,SJS,381,00:09
2014020696,SJS,Brenden,Dillon,2,10:20,11:14,11,,,517,28,#006D75,0,8475455,San Jose Sharks,4313307,SJS,387,00:54
2014020696,SJS,Brenden,Dillon,2,11:39,12:16,12,,,517,28,#006D75,0,8475455,San Jose Sharks,4313308,SJS,391,00:37
2014020696,SJS,Brenden,Dillon,2,13:55,14:25,13,,,517,28,#006D75,0,8475455,San Jose Sharks,4313309,SJS,397,00:30
2014020696,SJS,Brenden,Dillon,2,17:28,18:08,14,,,517,28,#006D75,0,8475455,San Jose Sharks,4313310,SJS,556,00:40
2014020696,SJS,Brenden,Dillon,3,00:00,01:10,15,,,517,28,#006D75,0,8475455,San Jose Sharks,4313311,SJS,561,01:10
2014020696,SJS,Brenden,Dillon,3,03:24,03:35,16,,,517,28,#006D75,0,8475455,San Jose Sharks,4313312,SJS,569,00:11
2014020696,SJS,Brenden,Dillon,3,05:29,05:45,17,,,517,28,#006D75,0,8475455,San Jose Sharks,4313313,SJS,577,00:16
2014020696,SJS,Brenden,Dillon,3,06:41,07:56,18,,,517,28,#006D75,0,8475455,San Jose Sharks,4313314,SJS,580,01:15
2014020696,SJS,Brenden,Dillon,3,08:27,09:12,19,,,517,28,#006D75,0,8475455,San Jose Sharks,4313315,SJS,588,00:45
2014020696,SJS,Brenden,Dillon,3,09:58,10:36,20,,,517,28,#006D75,0,8475455,San Jose Sharks,4313316,SJS,594,00:38
2014020696,SJS,Brenden,Dillon,3,12:24,12:53,21,,,517,28,#006D75,0,8475455,San Jose Sharks,4313317,SJS,597,00:29
2014020696,SJS,Brenden,Dillon,3,14:11,14:24,22,,,517,28,#006D75,0,8475455,San Jose Sharks,4313318,SJS,702,00:13
2014020696,SJS,Brenden,Dillon,3,14:42,15:13,23,,,517,28,#006D75,0,8475455,San Jose Sharks,4313319,SJS,704,00:31
2014020696,SJS,Brenden,Dillon,3,16:03,16:38,24,,,517,28,#006D75,0,8475455,San Jose Sharks,4313320,SJS,708,00:35
2014020696,SJS,Brenden,Dillon,3,18:38,18:51,25,,,517,28,#006D75,0,8475455,San Jose Sharks,4313321,SJS,714,00:13
2014020696,SJS,Brenden,Dillon,3,19:57,20:00,26,,,517,28,#006D75,0,8475455,San Jose Sharks,4313322,SJS,720,00:03
2014020696,SJS,Matt,Irwin,1,00:53,01:51,1,,,517,28,#006D75,0,8475625,San Jose Sharks,4313323,SJS,152,00:58
2014020696,SJS,Matt,Irwin,1,03:17,03:32,2,,,517,28,#006D75,0,8475625,San Jose Sharks,4313324,SJS,155,00:15
2014020696,SJS,Matt,Irwin,1,04:47,05:39,3,,,517,28,#006D75,0,8475625,San Jose Sharks,4313325,SJS,160,00:52
2014020696,SJS,Matt,Irwin,1,09:48,10:41,4,,,517,28,#006D75,0,8475625,San Jose Sharks,4313326,SJS,171,00:53
2014020696,SJS,Matt,Irwin,1,12:32,13:11,5,,,517,28,#006D75,0,8475625,San Jose Sharks,4313327,SJS,178,00:39
2014020696,SJS,Matt,Irwin,1,14:11,14:48,6,,,517,28,#006D75,0,8475625,San Jose Sharks,4313328,SJS,183,00:37
2014020696,SJS,Matt,Irwin,1,15:30,16:05,7,,,517,28,#006D75,0,8475625,San Jose Sharks,4313329,SJS,192,00:35
2014020696,SJS,Matt,Irwin,1,18:02,18:52,8,,,517,28,#006D75,0,8475625,San Jose Sharks,4313330,SJS,198,00:50
2014020696,SJS,Matt,Irwin,2,01:17,02:20,9,,,517,28,#006D75,0,8475625,San Jose Sharks,4313331,SJS,360,01:03
2014020696,SJS,Matt,Irwin,2,04:30,05:26,10,,,517,28,#006D75,0,8475625,San Jose Sharks,4313332,SJS,371,00:56
2014020696,SJS,Matt,Irwin,2,09:41,10:20,11,,,517,28,#006D75,0,8475625,San Jose Sharks,4313333,SJS,384,00:39
2014020696,SJS,Matt,Irwin,2,12:13,13:30,12,,,517,28,#006D75,0,8475625,San Jose Sharks,4313334,SJS,392,01:17
2014020696,SJS,Matt,Irwin,2,14:25,14:52,13,,,517,28,#006D75,0,8475625,San Jose Sharks,4313335,SJS,399,00:27
2014020696,SJS,Matt,Irwin,2,17:01,17:28,14,,,517,28,#006D75,0,8475625,San Jose Sharks,4313336,SJS,555,00:27
2014020696,SJS,Matt,Irwin,3,02:04,03:02,15,,,517,28,#006D75,0,8475625,San Jose Sharks,4313337,SJS,566,00:58
2014020696,SJS,Matt,Irwin,3,04:46,05:29,16,,,517,28,#006D75,0,8475625,San Jose Sharks,4313338,SJS,576,00:43
2014020696,SJS,Matt,Irwin,3,09:12,09:55,17,,,517,28,#006D75,0,8475625,San Jose Sharks,4313339,SJS,589,00:43
2014020696,SJS,Matt,Irwin,3,11:52,12:24,18,,,517,28,#006D75,0,8475625,San Jose Sharks,4313340,SJS,596,00:32
2014020696,SJS,Matt,Irwin,3,13:12,13:39,19,,,517,28,#006D75,0,8475625,San Jose Sharks,4313341,SJS,600,00:27
2014020696,SJS,Matt,Irwin,3,14:24,14:42,20,,,517,28,#006D75,0,8475625,San Jose Sharks,4313342,SJS,703,00:18
2014020696,LAK,Nick,Shore,1,00:53,02:44,1,,,517,26,#111111,0,8476406,Los Angeles Kings,4313343,LAK,102,01:51
2014020696,LAK,Nick,Shore,1,05:40,06:11,2,,,517,26,#111111,0,8476406,Los Angeles Kings,4313344,LAK,113,00:31
2014020696,LAK,Nick,Shore,1,14:18,14:56,3,,,517,26,#111111,0,8476406,Los Angeles Kings,4313345,LAK,136,00:38
2014020696,LAK,Nick,Shore,1,18:52,20:00,4,,,517,26,#111111,0,8476406,Los Angeles Kings,4313346,LAK,147,01:08
2014020696,LAK,Nick,Shore,2,02:10,02:35,5,,,517,26,#111111,0,8476406,Los Angeles Kings,4313347,LAK,305,00:25
2014020696,LAK,Nick,Shore,2,04:33,05:32,6,,,517,26,#111111,0,8476406,Los Angeles Kings,4313348,LAK,312,00:59
2014020696,LAK,Nick,Shore,2,09:51,10:51,7,,,517,26,#111111,0,8476406,Los Angeles Kings,4313349,LAK,326,01:00
2014020696,LAK,Nick,Shore,2,13:30,14:26,8,,,517,26,#111111,0,8476406,Los Angeles Kings,4313350,LAK,335,00:56
2014020696,LAK,Nick,Shore,2,17:01,17:28,9,,,517,26,#111111,0,8476406,Los Angeles Kings,4313351,LAK,344,00:27
2014020696,LAK,Nick,Shore,2,19:51,20:00,10,,,517,26,#111111,0,8476406,Los Angeles Kings,4313352,LAK,604,00:09
2014020696,LAK,Nick,Shore,3,02:22,03:04,11,,,517,26,#111111,0,8476406,Los Angeles Kings,4313353,LAK,612,00:42
2014020696,LAK,Nick,Shore,3,05:44,05:45,12,,,517,26,#111111,0,8476406,Los Angeles Kings,4313354,LAK,623,00:01
2014020696,LAK,Nick,Shore,3,08:27,09:14,13,,,517,26,#111111,0,8476406,Los Angeles Kings,4313355,LAK,631,00:47
2014020696,LAK,Nick,Shore,3,12:04,12:24,14,,,517,26,#111111,0,8476406,Los Angeles Kings,4313356,LAK,641,00:20
2014020696,LAK,Nick,Shore,3,14:09,15:12,15,,,517,26,#111111,0,8476406,Los Angeles Kings,4313357,LAK,646,01:03
2014020696,LAK,Nick,Shore,3,15:56,16:38,16,,,517,26,#111111,0,8476406,Los Angeles Kings,4313358,LAK,752,00:42
2014020696,LAK,Nick,Shore,3,17:30,18:33,17,,,517,26,#111111,0,8476406,Los Angeles Kings,4313359,LAK,757,01:03
2014020696,LAK,Nick,Shore,3,19:28,19:37,18,,,517,26,#111111,0,8476406,Los Angeles Kings,4313360,LAK,762,00:09
2014020696,LAK,Nick,Shore,3,19:42,19:57,19,,,517,26,#111111,0,8476406,Los Angeles Kings,4313361,LAK,764,00:15
2014020696,SJS,Matt,Nieto,1,00:20,00:53,1,,,517,28,#006D75,0,8476442,San Jose Sharks,4313362,SJS,151,00:33
2014020696,SJS,Matt,Nieto,1,04:08,04:47,2,,,517,28,#006D75,0,8476442,San Jose Sharks,4313363,SJS,157,00:39
2014020696,SJS,Matt,Nieto,1,06:57,07:42,3,,,517,28,#006D75,0,8476442,San Jose Sharks,4313364,SJS,165,00:45
2014020696,SJS,Matt,Nieto,1,10:34,11:34,4,,,517,28,#006D75,0,8476442,San Jose Sharks,4313365,SJS,174,01:00
2014020696,SJS,Matt,Nieto,1,13:35,14:17,5,,,517,28,#006D75,0,8476442,San Jose Sharks,4313366,SJS,181,00:42
2014020696,SJS,Matt,Nieto,1,16:51,17:19,6,,,517,28,#006D75,0,8476442,San Jose Sharks,4313367,SJS,195,00:28
2014020696,SJS,Matt,Nieto,1,18:16,18:52,7,,,517,28,#006D75,0,8476442,San Jose Sharks,4313368,SJS,200,00:36
2014020696,SJS,Matt,Nieto,2,00:33,01:09,8,,,517,28,#006D75,0,8476442,San Jose Sharks,4313369,SJS,355,00:36
2014020696,SJS,Matt,Nieto,2,03:19,03:41,9,,,517,28,#006D75,0,8476442,San Jose Sharks,4313370,SJS,367,00:22
2014020696,SJS,Matt,Nieto,2,06:05,06:11,10,,,517,28,#006D75,0,8476442,San Jose Sharks,4313371,SJS,375,00:06
2014020696,SJS,Matt,Nieto,2,07:51,08:34,11,,,517,28,#006D75,0,8476442,San Jose Sharks,4313372,SJS,379,00:43
2014020696,SJS,Matt,Nieto,2,10:55,11:39,12,,,517,28,#006D75,0,8476442,San Jose Sharks,4313373,SJS,388,00:44
2014020696,SJS,Matt,Nieto,2,14:04,15:00,13,,,517,28,#006D75,0,8476442,San Jose Sharks,4313374,SJS,398,00:56
2014020696,SJS,Matt,Nieto,2,18:47,19:35,14,,,517,28,#006D75,0,8476442,San Jose Sharks,4313375,SJS,558,00:48
2014020696,SJS,Matt,Nieto,3,01:10,01:57,15,,,517,28,#006D75,0,8476442,San Jose Sharks,4313376,SJS,563,00:47
2014020696,SJS,Matt,Nieto,3,03:44,04:28,16,,,517,28,#006D75,0,8476442,San Jose Sharks,4313377,SJS,571,00:44
2014020696,SJS,Matt,Nieto,3,06:41,07:10,17,,,517,28,#006D75,0,8476442,San Jose Sharks,4313378,SJS,580,00:29
2014020696,SJS,Matt,Nieto,3,09:55,09:58,18,,,517,28,#006D75,0,8476442,San Jose Sharks,4313379,SJS,591,00:03
2014020696,SJS,Matt,Nieto,3,10:36,11:52,19,,,517,28,#006D75,0,8476442,San Jose Sharks,4313380,SJS,595,01:16
2014020696,SJS,Matt,Nieto,3,13:39,14:11,20,,,517,28,#006D75,0,8476442,San Jose Sharks,4313381,SJS,701,00:32
2014020696,SJS,Matt,Nieto,3,18:12,18:51,21,,,517,28,#006D75,0,8476442,San Jose Sharks,4313382,SJS,713,00:39
2014020696,SJS,Barclay,Goodrow,1,02:44,03:32,1,,,517,28,#006D75,0,8476624,San Jose Sharks,4313383,SJS,154,00:48
2014020696,SJS,Barclay,Goodrow,1,08:51,09:40,2,,,517,28,#006D75,0,8476624,San Jose Sharks,4313384,SJS,169,00:49
2014020696,SJS,Barclay,Goodrow,1,15:30,16:05,3,,,517,28,#006D75,0,8476624,San Jose Sharks,4313385,SJS,192,00:35
2014020696,SJS,Barclay,Goodrow,1,17:29,18:02,4,,,517,28,#006D75,0,8476624,San Jose Sharks,4313386,SJS,197,00:33
2014020696,SJS,Barclay,Goodrow,2,02:07,02:35,5,,,517,28,#006D75,0,8476624,San Jose Sharks,4313387,SJS,362,00:28
2014020696,SJS,Barclay,Goodrow,2,07:06,07:51,6,,,517,28,#006D75,0,8476624,San Jose Sharks,4313388,SJS,378,00:45
2014020696,SJS,Barclay,Goodrow,2,13:30,14:04,7,,,517,28,#006D75,0,8476624,San Jose Sharks,4313389,SJS,396,00:34
2014020696,SJS,Barclay,Goodrow,2,17:01,17:28,8,,,517,28,#006D75,0,8476624,San Jose Sharks,4313390,SJS,555,00:27
2014020696,SJS,Barclay,Goodrow,3,02:22,03:02,9,,,517,28,#006D75,0,8476624,San Jose Sharks,4313391,SJS,567,00:40
2014020696,SJS,Barclay,Goodrow,3,08:27,09:12,10,,,517,28,#006D75,0,8476624,San Jose Sharks,4313392,SJS,588,00:45
2014020696,SJS,Barclay,Goodrow,3,14:24,14:42,11,,,517,28,#006D75,0,8476624,San Jose Sharks,4313393,SJS,703,00:18
2014020696,SJS,Matt,Tennyson,1,00:00,00:20,1,,,517,28,#006D75,0,8476807,San Jose Sharks,4313394,SJS,3,00:20
2014020696,SJS,Matt,Tennyson,1,01:51,03:17,2,,,517,28,#006D75,0,8476807,San Jose Sharks,4313395,SJS,153,01:26
2014020696,SJS,Matt,Tennyson,1,04:17,04:47,3,,,517,28,#006D75,0,8476807,San Jose Sharks,4313396,SJS,158,00:30
2014020696,SJS,Matt,Tennyson,1,06:57,07:42,4,,,517,28,#006D75,0,8476807,San Jose Sharks,4313397,SJS,165,00:45
2014020696,SJS,Matt,Tennyson,1,09:40,09:48,5,,,517,28,#006D75,0,8476807,San Jose Sharks,4313398,SJS,170,00:08
2014020696,SJS,Matt,Tennyson,1,09:57,10:41,6,,,517,28,#006D75,0,8476807,San Jose Sharks,4313399,SJS,172,00:44
2014020696,SJS,Matt,Tennyson,1,11:34,12:32,7,,,517,28,#006D75,0,8476807,San Jose Sharks,4313400,SJS,176,00:58
2014020696,SJS,Matt,Tennyson,1,13:11,13:47,8,,,517,28,#006D75,0,8476807,San Jose Sharks,4313401,SJS,180,00:36
2014020696,SJS,Matt,Tennyson,1,14:48,15:30,9,,,517,28,#006D75,0,8476807,San Jose Sharks,4313402,SJS,193,00:42
2014020696,SJS,Matt,Tennyson,1,16:51,17:19,10,,,517,28,#006D75,0,8476807,San Jose Sharks,4313403,SJS,195,00:28
2014020696,SJS,Matt,Tennyson,1,18:52,19:30,11,,,517,28,#006D75,0,8476807,San Jose Sharks,4313404,SJS,351,00:38
2014020696,SJS,Matt,Tennyson,2,00:00,00:33,12,,,517,28,#006D75,0,8476807,San Jose Sharks,4313405,SJS,354,00:33
2014020696,SJS,Matt,Tennyson,2,02:25,03:13,13,,,517,28,#006D75,0,8476807,San Jose Sharks,4313406,SJS,364,00:48
2014020696,SJS,Matt,Tennyson,2,05:26,06:45,14,,,517,28,#006D75,0,8476807,San Jose Sharks,4313407,SJS,373,01:19
2014020696,SJS,Matt,Tennyson,2,07:51,08:34,15,,,517,28,#006D75,0,8476807,San Jose Sharks,4313408,SJS,379,00:43
2014020696,SJS,Matt,Tennyson,2,10:20,10:55,16,,,517,28,#006D75,0,8476807,San Jose Sharks,4313409,SJS,387,00:35
2014020696,SJS,Matt,Tennyson,2,11:39,12:13,17,,,517,28,#006D75,0,8476807,San Jose Sharks,4313410,SJS,391,00:34
2014020696,SJS,Matt,Tennyson,2,14:04,14:25,18,,,517,28,#006D75,0,8476807,San Jose Sharks,4313411,SJS,398,00:21
2014020696,SJS,Matt,Tennyson,2,17:28,18:08,19,,,517,28,#006D75,0,8476807,San Jose Sharks,4313412,SJS,556,00:40
2014020696,SJS,Matt,Tennyson,3,00:00,01:10,20,,,517,28,#006D75,0,8476807,San Jose Sharks,4313413,SJS,561,01:10
2014020696,SJS,Matt,Tennyson,3,03:02,03:35,21,,,517,28,#006D75,0,8476807,San Jose Sharks,4313414,SJS,568,00:33
2014020696,SJS,Matt,Tennyson,3,05:29,05:45,22,,,517,28,#006D75,0,8476807,San Jose Sharks,4313415,SJS,577,00:16
2014020696,SJS,Matt,Tennyson,3,06:41,07:35,23,,,517,28,#006D75,0,8476807,San Jose Sharks,4313416,SJS,580,00:54
2014020696,SJS,Matt,Tennyson,3,08:27,09:12,24,,,517,28,#006D75,0,8476807,San Jose Sharks,4313417,SJS,588,00:45
2014020696,SJS,Matt,Tennyson,3,09:58,10:36,25,,,517,28,#006D75,0,8476807,San Jose Sharks,4313418,SJS,594,00:38
2014020696,SJS,Matt,Tennyson,3,12:24,12:53,26,,,517,28,#006D75,0,8476807,San Jose Sharks,4313419,SJS,597,00:29
2014020696,SJS,Matt,Tennyson,3,14:11,14:24,27,,,517,28,#006D75,0,8476807,San Jose Sharks,4313420,SJS,702,00:13
2014020696,SJS,Matt,Tennyson,3,14:42,16:03,28,,,517,28,#006D75,0,8476807,San Jose Sharks,4313421,SJS,704,01:21
2014020696,SJS,Matt,Tennyson,3,17:31,18:12,29,,,517,28,#006D75,0,8476807,San Jose Sharks,4313422,SJS,712,00:41
2014020696,SJS,Matt,Tennyson,3,19:57,20:00,30,,,517,28,#006D75,0,8476807,San Jose Sharks,4313423,SJS,720,00:03
2014020696,SJS,Tomas,Hertl,1,01:51,02:44,1,,,517,28,#006D75,0,8476881,San Jose Sharks,4313424,SJS,153,00:53
2014020696,SJS,Tomas,Hertl,1,04:47,05:39,2,,,517,28,#006D75,0,8476881,San Jose Sharks,4313425,SJS,160,00:52
2014020696,SJS,Tomas,Hertl,1,06:57,07:42,3,,,517,28,#006D75,0,8476881,San Jose Sharks,4313426,SJS,165,00:45
2014020696,SJS,Tomas,Hertl,1,08:02,08:47,4,,,517,28,#006D75,0,8476881,San Jose Sharks,4313427,SJS,167,00:45
2014020696,SJS,Tomas,Hertl,1,11:34,12:42,5,,,517,28,#006D75,0,8476881,San Jose Sharks,4313428,SJS,176,01:08
2014020696,SJS,Tomas,Hertl,1,19:52,20:00,6,,,517,28,#006D75,0,8476881,San Jose Sharks,4313429,SJS,353,00:08
2014020696,SJS,Tomas,Hertl,2,01:05,01:54,7,,,517,28,#006D75,0,8476881,San Jose Sharks,4313430,SJS,358,00:49
2014020696,SJS,Tomas,Hertl,2,03:41,04:11,8,,,517,28,#006D75,0,8476881,San Jose Sharks,4313431,SJS,369,00:30
2014020696,SJS,Tomas,Hertl,2,05:26,06:05,9,,,517,28,#006D75,0,8476881,San Jose Sharks,4313432,SJS,373,00:39
2014020696,SJS,Tomas,Hertl,2,10:07,11:02,10,,,517,28,#006D75,0,8476881,San Jose Sharks,4313433,SJS,386,00:55
2014020696,SJS,Tomas,Hertl,2,12:16,13:30,11,,,517,28,#006D75,0,8476881,San Jose Sharks,4313434,SJS,393,01:14
2014020696,SJS,Tomas,Hertl,2,16:39,17:01,12,,,517,28,#006D75,0,8476881,San Jose Sharks,4313435,SJS,554,00:22
2014020696,SJS,Tomas,Hertl,2,18:08,18:47,13,,,517,28,#006D75,0,8476881,San Jose Sharks,4313436,SJS,557,00:39
2014020696,SJS,Tomas,Hertl,3,01:57,02:22,14,,,517,28,#006D75,0,8476881,San Jose Sharks,4313437,SJS,565,00:25
2014020696,SJS,Tomas,Hertl,3,04:25,05:29,15,,,517,28,#006D75,0,8476881,San Jose Sharks,4313438,SJS,573,01:04
2014020696,SJS,Tomas,Hertl,3,07:10,07:43,16,,,517,28,#006D75,0,8476881,San Jose Sharks,4313439,SJS,582,00:33
2014020696,SJS,Tomas,Hertl,3,09:23,09:58,17,,,517,28,#006D75,0,8476881,San Jose Sharks,4313440,SJS,590,00:35
2014020696,SJS,Tomas,Hertl,3,11:52,12:24,18,,,517,28,#006D75,0,8476881,San Jose Sharks,4313441,SJS,596,00:32
2014020696,SJS,Tomas,Hertl,3,13:01,13:39,19,,,517,28,#006D75,0,8476881,San Jose Sharks,4313442,SJS,599,00:38
2014020696,SJS,Tomas,Hertl,3,15:13,15:18,20,,,517,28,#006D75,0,8476881,San Jose Sharks,4313443,SJS,705,00:05
2014020696,SJS,Tomas,Hertl,3,19:57,20:00,21,,,517,28,#006D75,0,8476881,San Jose Sharks,4313444,SJS,720,00:03
2014020696,SJS,Melker,Karlsson,1,00:00,00:20,1,,,517,28,#006D75,0,8477922,San Jose Sharks,4313445,SJS,3,00:20
2014020696,SJS,Melker,Karlsson,1,00:53,01:51,2,,,517,28,#006D75,0,8477922,San Jose Sharks,4313446,SJS,152,00:58
2014020696,SJS,Melker,Karlsson,1,03:32,04:17,3,,,517,28,#006D75,0,8477922,San Jose Sharks,4313447,SJS,156,00:45
2014020696,SJS,Melker,Karlsson,1,05:34,06:11,4,,,517,28,#006D75,0,8477922,San Jose Sharks,4313448,SJS,162,00:37
2014020696,SJS,Melker,Karlsson,1,06:57,07:42,5,,,517,28,#006D75,0,8477922,San Jose Sharks,4313449,SJS,165,00:45
2014020696,SJS,Melker,Karlsson,1,09:40,10:30,6,,,517,28,#006D75,0,8477922,San Jose Sharks,4313450,SJS,170,00:50
2014020696,SJS,Melker,Karlsson,1,12:42,13:35,7,,,517,28,#006D75,0,8477922,San Jose Sharks,4313451,SJS,179,00:53
2014020696,SJS,Melker,Karlsson,1,14:48,14:52,8,,,517,28,#006D75,0,8477922,San Jose Sharks,4313452,SJS,193,00:04
2014020696,SJS,Melker,Karlsson,1,15:00,15:30,9,,,517,28,#006D75,0,8477922,San Jose Sharks,4313453,SJS,186,00:30
2014020696,SJS,Melker,Karlsson,1,18:52,19:52,10,,,517,28,#006D75,0,8477922,San Jose Sharks,4313454,SJS,351,01:00
2014020696,SJS,Melker,Karlsson,2,00:00,00:43,11,,,517,28,#006D75,0,8477922,San Jose Sharks,4313455,SJS,354,00:43
2014020696,SJS,Melker,Karlsson,2,02:35,03:13,12,,,517,28,#006D75,0,8477922,San Jose Sharks,4313456,SJS,365,00:38
2014020696,SJS,Melker,Karlsson,2,04:44,05:26,13,,,517,28,#006D75,0,8477922,San Jose Sharks,4313457,SJS,372,00:42
2014020696,SJS,Melker,Karlsson,2,06:11,06:45,14,,,517,28,#006D75,0,8477922,San Jose Sharks,4313458,SJS,376,00:34
2014020696,SJS,Melker,Karlsson,2,09:25,10:07,15,,,517,28,#006D75,0,8477922,San Jose Sharks,4313459,SJS,383,00:42
2014020696,SJS,Melker,Karlsson,2,11:39,12:16,16,,,517,28,#006D75,0,8477922,San Jose Sharks,4313460,SJS,391,00:37
2014020696,SJS,Melker,Karlsson,2,15:07,15:40,17,,,517,28,#006D75,0,8477922,San Jose Sharks,4313461,SJS,552,00:33
2014020696,SJS,Melker,Karlsson,2,17:28,18:08,18,,,517,28,#006D75,0,8477922,San Jose Sharks,4313462,SJS,556,00:40
2014020696,SJS,Melker,Karlsson,2,19:27,20:00,19,,,517,28,#006D75,0,8477922,San Jose Sharks,4313463,SJS,559,00:33
2014020696,SJS,Melker,Karlsson,3,00:00,01:05,20,,,517,28,#006D75,0,8477922,San Jose Sharks,4313464,SJS,561,01:05
2014020696,SJS,Melker,Karlsson,3,03:02,03:45,21,,,517,28,#006D75,0,8477922,San Jose Sharks,4313465,SJS,568,00:43
2014020696,SJS,Melker,Karlsson,3,05:29,05:45,22,,,517,28,#006D75,0,8477922,San Jose Sharks,4313466,SJS,577,00:16
2014020696,SJS,Melker,Karlsson,3,06:41,07:00,23,,,517,28,#006D75,0,8477922,San Jose Sharks,4313467,SJS,580,00:19
2014020696,SJS,Melker,Karlsson,3,09:58,10:36,24,,,517,28,#006D75,0,8477922,San Jose Sharks,4313468,SJS,594,00:38
2014020696,SJS,Melker,Karlsson,3,12:24,13:01,25,,,517,28,#006D75,0,8477922,San Jose Sharks,4313469,SJS,597,00:37
2014020696,SJS,Melker,Karlsson,3,14:42,15:13,26,,,517,28,#006D75,0,8477922,San Jose Sharks,4313470,SJS,704,00:31
2014020696,SJS,Melker,Karlsson,3,16:14,16:38,27,,,517,28,#006D75,0,8477922,San Jose Sharks,4313471,SJS,709,00:24
2014020696,SJS,Melker,Karlsson,3,19:57,20:00,28,,,517,28,#006D75,0,8477922,San Jose Sharks,4313472,SJS,720,00:03
